Day of sim.,Day of year,Year,Slurry mass,Frozen mass,Slurry depth,Air T,Wall T,Floor T,Slurry T
,,,(Mg = 1000 kg),(Mg = 1000 kg),(m),(deg. C),(deg. C),(deg. C),(deg. C)
day,doy,year,slurry_mass,frozen_mass,slurry_depth,air_temp,wall_temp,floor_temp,slurry_temp
   1,  1,   1, 5000.00,    0.00,    5.00,   -4.92,    4.62,   10.42,   14.88
   2,  2,   1, 5000.00,    0.00,    5.00,   -4.94,    4.46,   10.38,   14.66
   3,  3,   1, 5000.00,    0.00,    5.00,   -4.96,    4.30,   10.34,   14.45
   4,  4,   1, 5000.00,    0.00,    5.00,   -4.98,    4.14,   10.30,   14.23
   5,  5,   1, 5000.00,    0.00,    5.00,   -4.99,    3.98,   10.25,   14.02
   6,  6,   1, 5000.00,    0.00,    5.00,   -5.00,    3.82,   10.21,   13.81
   7,  7,   1, 5000.00,    0.00,    5.00,   -5.00,    3.67,   10.16,   13.60
   8,  8,   1, 5000.00,    0.00,    5.00,   -5.00,    3.51,   10.11,   13.40
   9,  9,   1, 5000.00,    0.00,    5.00,   -5.00,    3.36,   10.07,   13.19
  10, 10,   1, 5000.00,    0.00,    5.00,   -4.99,    3.21,   10.02,   12.99
  11, 11,   1, 5000.00,    0.00,    5.00,   -4.98,    3.05,    9.97,   12.80
  12, 12,   1, 5000.00,    0.00,    5.00,   -4.96,    2.90,    9.92,   12.60
  13, 13,   1, 5000.00,    0.00,    5.00,   -4.94,    2.75,    9.87,   12.41
  14, 14,   1, 5000.00,    0.00,    5.00,   -4.92,    2.61,    9.82,   12.22
  15, 15,   1, 5000.00,    0.00,    5.00,   -4.90,    2.46,    9.76,   12.03
  16, 16,   1, 5000.00,    0.00,    5.00,   -4.87,    2.32,    9.71,   11.85
  17, 17,   1, 5000.00,    0.00,    5.00,   -4.83,    2.17,    9.66,   11.67
  18, 18,   1, 5000.00,    0.00,    5.00,   -4.80,    2.03,    9.61,   11.49
  19, 19,   1, 5000.00,    0.00,    5.00,   -4.76,    1.89,    9.55,   11.31
  20, 20,   1, 5000.00,    0.00,    5.00,   -4.71,    1.75,    9.50,   11.13
  21, 21,   1, 5000.00,    0.00,    5.00,   -4.66,    1.62,    9.44,   10.96
  22, 22,   1, 5000.00,    0.00,    5.00,   -4.61,    1.48,    9.38,   10.79
  23, 23,   1, 5000.00,    0.00,    5.00,   -4.56,    1.35,    9.33,   10.63
  24, 24,   1, 5000.00,    0.00,    5.00,   -4.50,    1.22,    9.27,   10.46
  25, 25,   1, 5000.00,    0.00,    5.00,   -4.44,    1.09,    9.21,   10.30
  26, 26,   1, 5000.00,    0.00,    5.00,   -4.37,    0.96,    9.15,   10.14
  27, 27,   1, 5000.00,    0.00,    5.00,   -4.30,    0.84,    9.09,    9.99
  28, 28,   1, 5000.00,    0.00,    5.00,   -4.23,    0.71,    9.03,    9.83
  29, 29,   1, 5000.00,    0.00,    5.00,   -4.15,    0.59,    8.98,    9.68
  30, 30,   1, 5000.00,    0.00,    5.00,   -4.07,    0.47,    8.91,    9.54
  31, 31,   1, 5000.00,    0.00,    5.00,   -3.99,    0.35,    8.85,    9.39
  32, 32,   1, 5000.00,    0.00,    5.00,   -3.90,    0.24,    8.79,    9.25
  33, 33,   1, 5000.00,    0.00,    5.00,   -3.81,    0.13,    8.73,    9.11
  34, 34,   1, 5000.00,    0.00,    5.00,   -3.72,    0.01,    8.67,    8.97
  35, 35,   1, 5000.00,    0.00,    5.00,   -3.63,   -0.09,    8.61,    8.84
  36, 36,   1, 5000.00,    0.00,    5.00,   -3.53,   -0.20,    8.55,    8.70
  37, 37,   1, 5000.00,    0.00,    5.00,   -3.42,   -0.30,    8.48,    8.57
  38, 38,   1, 5000.00,    0.00,    5.00,   -3.32,   -0.41,    8.42,    8.45
  39, 39,   1, 5000.00,    0.00,    5.00,   -3.21,   -0.51,    8.36,    8.32
  40, 40,   1, 5000.00,    0.00,    5.00,   -3.09,   -0.60,    8.29,    8.20
  41, 41,   1, 5000.00,    0.00,    5.00,   -2.98,   -0.70,    8.23,    8.08
  42, 42,   1, 5000.00,    0.00,    5.00,   -2.86,   -0.79,    8.16,    7.97
  43, 43,   1, 5000.00,    0.00,    5.00,   -2.74,   -0.88,    8.10,    7.86
  44, 44,   1, 5000.00,    0.00,    5.00,   -2.61,   -0.97,    8.04,    7.74
  45, 45,   1, 5000.00,    0.00,    5.00,   -2.48,   -1.05,    7.97,    7.64
  46, 46,   1, 5000.00,    0.00,    5.00,   -2.35,   -1.13,    7.91,    7.53
  47, 47,   1, 5000.00,    0.00,    5.00,   -2.22,   -1.21,    7.84,    7.43
  48, 48,   1, 5000.00,    0.00,    5.00,   -2.08,   -1.29,    7.78,    7.33
  49, 49,   1, 5000.00,    0.00,    5.00,   -1.94,   -1.37,    7.71,    7.23
  50, 50,   1, 5000.00,    0.00,    5.00,   -1.80,   -1.44,    7.65,    7.14
  51, 51,   1, 5000.00,    0.00,    5.00,   -1.66,   -1.51,    7.58,    7.05
  52, 52,   1, 5000.00,    0.00,    5.00,   -1.51,   -1.57,    7.52,    6.96
  53, 53,   1, 5000.00,    0.00,    5.00,   -1.36,   -1.64,    7.45,    6.87
  54, 54,   1, 5000.00,    0.00,    5.00,   -1.20,   -1.70,    7.39,    6.79
  55, 55,   1, 5000.00,    0.00,    5.00,   -1.05,   -1.76,    7.32,    6.71
  56, 56,   1, 5000.00,    0.00,    5.00,   -0.89,   -1.81,    7.26,    6.63
  57, 57,   1, 5000.00,    0.00,    5.00,   -0.73,   -1.87,    7.19,    6.55
  58, 58,   1, 5000.00,    0.00,    5.00,   -0.57,   -1.92,    7.13,    6.48
  59, 59,   1, 5000.00,    0.00,    5.00,   -0.40,   -1.96,    7.06,    6.41
  60, 60,   1, 5000.00,    0.00,    5.00,   -0.23,   -2.01,    7.00,    6.34
  61, 61,   1, 5000.00,    0.00,    5.00,   -0.06,   -2.05,    6.93,    6.28
  62, 62,   1, 5000.00,    0.00,    5.00,    0.11,   -2.09,    6.87,    6.21
  63, 63,   1, 5000.00,    0.00,    5.00,    0.28,   -2.13,    6.80,    6.15
  64, 64,   1, 5000.00,    0.00,    5.00,    0.46,   -2.16,    6.74,    6.10
  65, 65,   1, 5000.00,    0.00,    5.00,    0.64,   -2.19,    6.68,    6.04
  66, 66,   1, 5000.00,    0.00,    5.00,    0.82,   -2.22,    6.61,    5.99
  67, 67,   1, 5000.00,    0.00,    5.00,    1.00,   -2.24,    6.55,    5.94
  68, 68,   1, 5000.00,    0.00,    5.00,    1.19,   -2.26,    6.49,    5.89
  69, 69,   1, 5000.00,    0.00,    5.00,    1.37,   -2.28,    6.42,    5.85
  70, 70,   1, 5000.00,    0.00,    5.00,    1.56,   -2.30,    6.36,    5.81
  71, 71,   1, 5000.00,    0.00,    5.00,    1.75,   -2.31,    6.30,    5.77
  72, 72,   1, 5000.00,    0.00,    5.00,    1.95,   -2.32,    6.24,    5.73
  73, 73,   1, 5000.00,    0.00,    5.00,    2.14,   -2.33,    6.18,    5.69
  74, 74,   1, 5000.00,    0.00,    5.00,    2.33,   -2.33,    6.12,    5.66
  75, 75,   1, 5000.00,    0.00,    5.00,    2.53,   -2.33,    6.05,    5.63
  76, 76,   1, 5000.00,    0.00,    5.00,    2.73,   -2.33,    5.99,    5.61
  77, 77,   1, 5000.00,    0.00,    5.00,    2.93,   -2.33,    5.94,    5.58
  78, 78,   1, 5000.00,    0.00,    5.00,    3.13,   -2.32,    5.88,    5.56
  79, 79,   1, 5000.00,    0.00,    5.00,    3.33,   -2.31,    5.82,    5.54
  80, 80,   1, 5000.00,    0.00,    5.00,    3.54,   -2.30,    5.76,    5.52
  81, 81,   1, 5000.00,    0.00,    5.00,    3.74,   -2.28,    5.70,    5.51
  82, 82,   1, 5000.00,    0.00,    5.00,    3.95,   -2.26,    5.64,    5.50
  83, 83,   1, 5000.00,    0.00,    5.00,    4.15,   -2.24,    5.59,    5.49
  84, 84,   1, 5000.00,    0.00,    5.00,    4.36,   -2.22,    5.53,    5.48
  85, 85,   1, 5000.00,    0.00,    5.00,    4.57,   -2.19,    5.48,    5.47
  86, 86,   1, 5000.00,    0.00,    5.00,    4.78,   -2.16,    5.42,    5.47
  87, 87,   1, 5000.00,    0.00,    5.00,    4.99,   -2.13,    5.37,    5.47
  88, 88,   1, 5000.00,    0.00,    5.00,    5.20,   -2.09,    5.31,    5.47
  89, 89,   1, 5000.00,    0.00,    5.00,    5.41,   -2.05,    5.26,    5.47
  90, 90,   1, 5000.00,    0.00,    5.00,    5.62,   -2.01,    5.21,    5.48
  91, 91,   1, 5000.00,    0.00,    5.00,    5.84,   -1.96,    5.16,    5.49
  92, 92,   1, 5000.00,    0.00,    5.00,    6.05,   -1.92,    5.11,    5.50
  93, 93,   1, 5000.00,    0.00,    5.00,    6.26,   -1.87,    5.06,    5.51
  94, 94,   1, 5000.00,    0.00,    5.00,    6.48,   -1.81,    5.01,    5.53
  95, 95,   1, 5000.00,    0.00,    5.00,    6.69,   -1.76,    4.96,    5.54
  96, 96,   1, 5000.00,    0.00,    5.00,    6.91,   -1.70,    4.91,    5.56
  97, 97,   1, 5000.00,    0.00,    5.00,    7.12,   -1.64,    4.86,    5.58
  98, 98,   1, 5000.00,    0.00,    5.00,    7.34,   -1.57,    4.82,    5.61
  99, 99,   1, 5000.00,    0.00,    5.00,    7.55,   -1.51,    4.77,    5.63
 100,100,   1, 5000.00,    0.00,    5.00,    7.77,   -1.44,    4.73,    5.66
 101,101,   1, 5000.00,    0.00,    5.00,    7.98,   -1.37,    4.68,    5.69
 102,102,   1, 5000.00,    0.00,    5.00,    8.20,   -1.29,    4.64,    5.72
 103,103,   1, 5000.00,    0.00,    5.00,    8.41,   -1.21,    4.60,    5.75
 104,104,   1, 5000.00,    0.00,    5.00,    8.63,   -1.13,    4.56,    5.79
 105,105,   1, 5000.00,    0.00,    5.00,    8.84,   -1.05,    4.52,    5.82
 106,106,   1, 5000.00,    0.00,    5.00,    9.06,   -0.97,    4.48,    5.86
 107,107,   1, 5000.00,    0.00,    5.00,    9.27,   -0.88,    4.44,    5.90
 108,108,   1, 5000.00,    0.00,    5.00,    9.48,   -0.79,    4.40,    5.95
 109,109,   1, 5000.00,    0.00,    5.00,    9.69,   -0.70,    4.36,    5.99
 110,110,   1, 5000.00,    0.00,    5.00,    9.91,   -0.60,    4.33,    6.04
 111,111,   1, 5000.00,    0.00,    5.00,   10.12,   -0.51,    4.29,    6.08
 112,112,   1, 5000.00,    0.00,    5.00,   10.33,   -0.41,    4.26,    6.13
 113,113,   1, 5000.00,    0.00,    5.00,   10.54,   -0.30,    4.22,    6.18
 114,114,   1, 5000.00,    0.00,    5.00,   10.74,   -0.20,    4.19,    6.24
 115,115,   1, 5000.00,    0.00,    5.00,   10.95,   -0.09,    4.16,    6.29
 116,116,   1, 5000.00,    0.00,    5.00,   11.16,    0.01,    4.13,    6.35
 117,117,   1, 5000.00,    0.00,    5.00,   11.36,    0.13,    4.10,    6.40
 118,118,   1, 5000.00,    0.00,    5.00,   11.57,    0.24,    4.07,    6.46
 119,119,   1, 5000.00,    0.00,    5.00,   11.77,    0.35,    4.05,    6.52
 120,120,   1, 5000.00,    0.00,    5.00,   11.97,    0.47,    4.02,    6.59
 121,121,   1, 5000.00,    0.00,    5.00,   12.17,    0.59,    3.99,    6.65
 122,122,   1, 5000.00,    0.00,    5.00,   12.37,    0.71,    3.97,    6.71
 123,123,   1, 5000.00,    0.00,    5.00,   12.57,    0.84,    3.95,    6.78
 124,124,   1, 5000.00,    0.00,    5.00,   12.76,    0.96,    3.93,    6.85
 125,125,   1, 5000.00,    0.00,    5.00,   12.96,    1.09,    3.90,    6.92
 126,126,   1, 5000.00,    0.00,    5.00,   13.15,    1.22,    3.88,    6.99
 127,127,   1, 5000.00,    0.00,    5.00,   13.34,    1.35,    3.87,    7.06
 128,128,   1, 5000.00,    0.00,    5.00,   13.53,    1.48,    3.85,    7.13
 129,129,   1, 5000.00,    0.00,    5.00,   13.72,    1.62,    3.83,    7.20
 130,130,   1, 5000.00,    0.00,    5.00,   13.90,    1.75,    3.82,    7.28
 131,131,   1, 5000.00,    0.00,    5.00,   14.09,    1.89,    3.80,    7.36
 132,132,   1, 5000.00,    0.00,    5.00,   14.27,    2.03,    3.79,    7.43
 133,133,   1, 5000.00,    0.00,    5.00,   14.45,    2.17,    3.78,    7.51
 134,134,   1, 5000.00,    0.00,    5.00,   14.63,    2.32,    3.76,    7.59
 135,135,   1, 5000.00,    0.00,    5.00,   14.80,    2.46,    3.75,    7.67
 136,136,   1, 5000.00,    0.00,    5.00,   14.98,    2.61,    3.75,    7.75
 137,137,   1, 5000.00,    0.00,    5.00,   15.15,    2.75,    3.74,    7.83
 138,138,   1, 5000.00,    0.00,    5.00,   15.32,    2.90,    3.73,    7.92
 139,139,   1, 5000.00,    0.00,    5.00,   15.48,    3.05,    3.73,    8.00
 140,140,   1, 5000.00,    0.00,    5.00,   15.65,    3.21,    3.72,    8.09
 141,141,   1, 5000.00,    0.00,    5.00,   15.81,    3.36,    3.72,    8.17
 142,142,   1, 5000.00,    0.00,    5.00,   15.97,    3.51,    3.72,    8.26
 143,143,   1, 5000.00,    0.00,    5.00,   16.13,    3.67,    3.71,    8.34
 144,144,   1, 5000.00,    0.00,    5.00,   16.28,    3.82,    3.71,    8.43
 145,145,   1, 5000.00,    0.00,    5.00,   16.43,    3.98,    3.72,    8.52
 146,146,   1, 5000.00,    0.00,    5.00,   16.58,    4.14,    3.72,    8.61
 147,147,   1, 5000.00,    0.00,    5.00,   16.73,    4.30,    3.72,    8.70
 148,148,   1, 5000.00,    0.00,    5.00,   16.87,    4.46,    3.73,    8.79
 149,149,   1, 5000.00,    0.00,    5.00,   17.01,    4.62,    3.73,    8.88
 150,150,   1, 5000.00,    0.00,    5.00,   17.15,    4.78,    3.74,    8.97
 151,151,   1, 5000.00,    0.00,    5.00,   17.29,    4.95,    3.75,    9.06
 152,152,   1, 5000.00,    0.00,    5.00,   17.42,    5.11,    3.75,    9.15
 153,153,   1, 5000.00,    0.00,    5.00,   17.55,    5.28,    3.76,    9.24
 154,154,   1, 5000.00,    0.00,    5.00,   17.68,    5.44,    3.78,    9.34
 155,155,   1, 5000.00,    0.00,    5.00,   17.80,    5.61,    3.79,    9.43
 156,156,   1, 5000.00,    0.00,    5.00,   17.92,    5.77,    3.80,    9.52
 157,157,   1, 5000.00,    0.00,    5.00,   18.04,    5.94,    3.82,    9.62
 158,158,   1, 5000.00,    0.00,    5.00,   18.15,    6.11,    3.83,    9.71
 159,159,   1, 5000.00,    0.00,    5.00,   18.26,    6.28,    3.85,    9.80
 160,160,   1, 5000.00,    0.00,    5.00,   18.37,    6.44,    3.87,    9.90
 161,161,   1, 5000.00,    0.00,    5.00,   18.47,    6.61,    3.88,    9.99
 162,162,   1, 5000.00,    0.00,    5.00,   18.58,    6.78,    3.90,   10.08
 163,163,   1, 5000.00,    0.00,    5.00,   18.67,    6.95,    3.93,   10.18
 164,164,   1, 5000.00,    0.00,    5.00,   18.77,    7.12,    3.95,   10.27
 165,165,   1, 5000.00,    0.00,    5.00,   18.86,    7.29,    3.97,   10.37
 166,166,   1, 5000.00,    0.00,    5.00,   18.95,    7.46,    3.99,   10.46
 167,167,   1, 5000.00,    0.00,    5.00,   19.03,    7.63,    4.02,   10.55
 168,168,   1, 5000.00,    0.00,    5.00,   19.11,    7.80,    4.05,   10.65
 169,169,   1, 5000.00,    0.00,    5.00,   19.19,    7.97,    4.07,   10.74
 170,170,   1, 5000.00,    0.00,    5.00,   19.27,    8.13,    4.10,   10.83
 171,171,   1, 5000.00,    0.00,    5.00,   19.34,    8.30,    4.13,   10.92
 172,172,   1, 5000.00,    0.00,    5.00,   19.40,    8.47,    4.16,   11.02
 173,173,   1, 5000.00,    0.00,    5.00,   19.47,    8.64,    4.19,   11.11
 174,174,   1, 5000.00,    0.00,    5.00,   19.53,    8.81,    4.22,   11.20
 175,175,   1, 5000.00,    0.00,    5.00,   19.59,    8.98,    4.26,   11.29
 176,176,   1, 5000.00,    0.00,    5.00,   19.64,    9.14,    4.29,   11.38
 177,177,   1, 5000.00,    0.00,    5.00,   19.69,    9.31,    4.33,   11.47
 178,178,   1, 5000.00,    0.00,    5.00,   19.73,    9.48,    4.36,   11.56
 179,179,   1, 5000.00,    0.00,    5.00,   19.78,    9.64,    4.40,   11.65
 180,180,   1, 5000.00,    0.00,    5.00,   19.82,    9.81,    4.44,   11.74
 181,181,   1, 5000.00,    0.00,    5.00,   19.85,    9.97,    4.48,   11.83
 182,182,   1, 5000.00,    0.00,    5.00,   19.88,   10.13,    4.52,   11.91
 183,183,   1, 5000.00,    0.00,    5.00,   19.91,   10.30,    4.56,   12.00
 184,184,   1, 5000.00,    0.00,    5.00,   19.93,   10.46,    4.60,   12.09
 185,185,   1, 5000.00,    0.00,    5.00,   19.95,   10.62,    4.64,   12.17
 186,186,   1, 5000.00,    0.00,    5.00,   19.97,   10.78,    4.68,   12.26
 187,187,   1, 5000.00,    0.00,    5.00,   19.98,   10.94,    4.73,   12.34
 188,188,   1, 5000.00,    0.00,    5.00,   19.99,   11.10,    4.77,   12.42
 189,189,   1, 5000.00,    0.00,    5.00,   20.00,   11.25,    4.82,   12.51
 190,190,   1, 5000.00,    0.00,    5.00,   20.00,   11.41,    4.86,   12.59
 191,191,   1, 5000.00,    0.00,    5.00,   20.00,   11.56,    4.91,   12.67
 192,192,   1, 5000.00,    0.00,    5.00,   19.99,   11.72,    4.96,   12.75
 193,193,   1, 5000.00,    0.00,    5.00,   19.98,   11.87,    5.01,   12.83
 194,194,   1, 5000.00,    0.00,    5.00,   19.97,   12.02,    5.06,   12.90
 195,195,   1, 5000.00,    0.00,    5.00,   19.95,   12.17,    5.11,   12.98
 196,196,   1, 5000.00,    0.00,    5.00,   19.93,   12.32,    5.16,   13.05
 197,197,   1, 5000.00,    0.00,    5.00,   19.91,   12.47,    5.21,   13.13
 198,198,   1, 5000.00,    0.00,    5.00,   19.88,   12.61,    5.26,   13.20
 199,199,   1, 5000.00,    0.00,    5.00,   19.85,   12.76,    5.31,   13.27
 200,200,   1, 5000.00,    0.00,    5.00,   19.82,   12.90,    5.37,   13.35
 201,201,   1, 5000.00,    0.00,    5.00,   19.78,   13.04,    5.42,   13.42
 202,202,   1, 5000.00,    0.00,    5.00,   19.73,   13.18,    5.48,   13.48
 203,203,   1, 5000.00,    0.00,    5.00,   19.69,   13.31,    5.53,   13.55
 204,204,   1, 5000.00,    0.00,    5.00,   19.64,   13.45,    5.59,   13.62
 205,205,   1, 5000.00,    0.00,    5.00,   19.59,   13.58,    5.64,   13.68
 206,206,   1, 5000.00,    0.00,    5.00,   19.53,   13.72,    5.70,   13.75
 207,207,   1, 5000.00,    0.00,    5.00,   19.47,   13.85,    5.76,   13.81
 208,208,   1, 5000.00,    0.00,    5.00,   19.40,   13.98,    5.82,   13.87
 209,209,   1, 5000.00,    0.00,    5.00,   19.34,   14.10,    5.88,   13.93
 210,210,   1, 5000.00,    0.00,    5.00,   19.27,   14.23,    5.94,   13.99
 211,211,   1, 5000.00,    0.00,    5.00,   19.19,   14.35,    5.99,   14.04
 212,212,   1, 5000.00,    0.00,    5.00,   19.11,   14.47,    6.05,   14.10
 213,213,   1, 5000.00,    0.00,    5.00,   19.03,   14.59,    6.12,   14.15
 214,214,   1, 5000.00,    0.00,    5.00,   18.95,   14.70,    6.18,   14.21
 215,215,   1, 5000.00,    0.00,    5.00,   18.86,   14.82,    6.24,   14.26
 216,216,   1, 5000.00,    0.00,    5.00,   18.77,   14.93,    6.30,   14.31
 217,217,   1, 5000.00,    0.00,    5.00,   18.67,   15.04,    6.36,   14.35
 218,218,   1, 5000.00,    0.00,    5.00,   18.58,   15.15,    6.42,   14.40
 219,219,   1, 5000.00,    0.00,    5.00,   18.47,   15.25,    6.49,   14.45
 220,220,   1, 5000.00,    0.00,    5.00,   18.37,   15.36,    6.55,   14.49
 221,221,   1, 5000.00,    0.00,    5.00,   18.26,   15.46,    6.61,   14.53
 222,222,   1, 5000.00,    0.00,    5.00,   18.15,   15.55,    6.68,   14.57
 223,223,   1, 5000.00,    0.00,    5.00,   18.04,   15.65,    6.74,   14.61
 224,224,   1, 5000.00,    0.00,    5.00,   17.92,   15.74,    6.80,   14.65
 225,225,   1, 5000.00,    0.00,    5.00,   17.80,   15.84,    6.87,   14.68
 226,226,   1, 5000.00,    0.00,    5.00,   17.68,   15.92,    6.93,   14.72
 227,227,   1, 5000.00,    0.00,    5.00,   17.55,   16.01,    7.00,   14.75
 228,228,   1, 5000.00,    0.00,    5.00,   17.42,   16.09,    7.06,   14.78
 229,229,   1, 5000.00,    0.00,    5.00,   17.29,   16.17,    7.13,   14.81
 230,230,   1, 5000.00,    0.00,    5.00,   17.15,   16.25,    7.19,   14.83
 231,231,   1, 5000.00,    0.00,    5.00,   17.01,   16.33,    7.26,   14.86
 232,232,   1, 5000.00,    0.00,    5.00,   16.87,   16.40,    7.32,   14.88
 233,233,   1, 5000.00,    0.00,    5.00,   16.73,   16.47,    7.39,   14.90
 234,234,   1, 5000.00,    0.00,    5.00,   16.58,   16.54,    7.45,   14.92
 235,235,   1, 5000.00,    0.00,    5.00,   16.43,   16.61,    7.52,   14.94
 236,236,   1, 5000.00,    0.00,    5.00,   16.28,   16.67,    7.58,   14.96
 237,237,   1, 5000.00,    0.00,    5.00,   16.13,   16.73,    7.65,   14.97
 238,238,   1, 5000.00,    0.00,    5.00,   15.97,   16.79,    7.71,   14.98
 239,239,   1, 5000.00,    0.00,    5.00,   15.81,   16.84,    7.78,   15.00
 240,240,   1, 5000.00,    0.00,    5.00,   15.65,   16.89,    7.84,   15.00
 241,241,   1, 5000.00,    0.00,    5.00,   15.48,   16.94,    7.91,   15.01
 242,242,   1, 5000.00,    0.00,    5.00,   15.32,   16.99,    7.97,   15.02
 243,243,   1, 5000.00,    0.00,    5.00,   15.15,   17.03,    8.04,   15.02
 244,244,   1, 5000.00,    0.00,    5.00,   14.98,   17.07,    8.10,   15.02
 245,245,   1, 5000.00,    0.00,    5.00,   14.80,   17.11,    8.16,   15.02
 246,246,   1, 5000.00,    0.00,    5.00,   14.63,   17.14,    8.23,   15.02
 247,247,   1, 5000.00,    0.00,    5.00,   14.45,   17.17,    8.29,   15.02
 248,248,   1, 5000.00,    0.00,    5.00,   14.27,   17.20,    8.36,   15.01
 249,249,   1, 5000.00,    0.00,    5.00,   14.09,   17.23,    8.42,   15.01
 250,250,   1, 5000.00,    0.00,    5.00,   13.90,   17.25,    8.48,   15.00
 251,251,   1, 5000.00,    0.00,    5.00,   13.72,   17.27,    8.55,   14.99
 252,252,   1, 5000.00,    0.00,    5.00,   13.53,   17.29,    8.61,   14.97
 253,253,   1, 5000.00,    0.00,    5.00,   13.34,   17.31,    8.67,   14.96
 254,254,   1, 5000.00,    0.00,    5.00,   13.15,   17.32,    8.73,   14.94
 255,255,   1, 5000.00,    0.00,    5.00,   12.96,   17.33,    8.79,   14.93
 256,256,   1, 5000.00,    0.00,    5.00,   12.76,   17.33,    8.85,   14.91
 257,257,   1, 5000.00,    0.00,    5.00,   12.57,   17.33,    8.91,   14.88
 258,258,   1, 5000.00,    0.00,    5.00,   12.37,   17.33,    8.98,   14.86
 259,259,   1, 5000.00,    0.00,    5.00,   12.17,   17.33,    9.03,   14.84
 260,260,   1, 5000.00,    0.00,    5.00,   11.97,   17.33,    9.09,   14.81
 261,261,   1, 5000.00,    0.00,    5.00,   11.77,   17.32,    9.15,   14.78
 262,262,   1, 5000.00,    0.00,    5.00,   11.57,   17.31,    9.21,   14.75
 263,263,   1, 5000.00,    0.00,    5.00,   11.36,   17.29,    9.27,   14.72
 264,264,   1, 5000.00,    0.00,    5.00,   11.16,   17.27,    9.33,   14.68
 265,265,   1, 5000.00,    0.00,    5.00,   10.95,   17.25,    9.38,   14.65
 266,266,   1, 5000.00,    0.00,    5.00,   10.74,   17.23,    9.44,   14.61
 267,267,   1, 5000.00,    0.00,    5.00,   10.54,   17.20,    9.50,   14.57
 268,268,   1, 5000.00,    0.00,    5.00,   10.33,   17.17,    9.55,   14.53
 269,269,   1, 5000.00,    0.00,    5.00,   10.12,   17.14,    9.61,   14.49
 270,270,   1, 5000.00,    0.00,    5.00,    9.91,   17.11,    9.66,   14.44
 271,271,   1, 5000.00,    0.00,    5.00,    9.69,   17.07,    9.71,   14.40
 272,272,   1, 5000.00,    0.00,    5.00,    9.48,   17.03,    9.76,   14.35
 273,273,   1, 5000.00,    0.00,    5.00,    9.27,   16.99,    9.82,   14.30
 274,274,   1, 5000.00,    0.00,    5.00,    9.06,   16.94,    9.87,   14.25
 275,275,   1, 5000.00,    0.00,    5.00,    8.84,   16.89,    9.92,   14.19
 276,276,   1, 5000.00,    0.00,    5.00,    8.63,   16.84,    9.97,   14.14
 277,277,   1, 5000.00,    0.00,    5.00,    8.41,   16.79,   10.02,   14.08
 278,278,   1, 5000.00,    0.00,    5.00,    8.20,   16.73,   10.07,   14.03
 279,279,   1, 5000.00,    0.00,    5.00,    7.98,   16.67,   10.11,   13.97
 280,280,   1, 5000.00,    0.00,    5.00,    7.77,   16.61,   10.16,   13.91
 281,281,   1, 5000.00,    0.00,    5.00,    7.55,   16.54,   10.21,   13.84
 282,282,   1, 5000.00,    0.00,    5.00,    7.34,   16.47,   10.25,   13.78
 283,283,   1, 5000.00,    0.00,    5.00,    7.12,   16.40,   10.30,   13.71
 284,284,   1, 5000.00,    0.00,    5.00,    6.91,   16.33,   10.34,   13.65
 285,285,   1, 5000.00,    0.00,    5.00,    6.69,   16.25,   10.38,   13.58
 286,286,   1, 5000.00,    0.00,    5.00,    6.48,   16.17,   10.42,   13.51
 287,287,   1, 5000.00,    0.00,    5.00,    6.26,   16.09,   10.46,   13.44
 288,288,   1, 5000.00,    0.00,    5.00,    6.05,   16.01,   10.50,   13.36
 289,289,   1, 5000.00,    0.00,    5.00,    5.84,   15.92,   10.54,   13.29
 290,290,   1, 5000.00,    0.00,    5.00,    5.62,   15.84,   10.58,   13.21
 291,291,   1, 5000.00,    0.00,    5.00,    5.41,   15.74,   10.62,   13.14
 292,292,   1, 5000.00,    0.00,    5.00,    5.20,   15.65,   10.66,   13.06
 293,293,   1, 5000.00,    0.00,    5.00,    4.99,   15.55,   10.69,   12.98
 294,294,   1, 5000.00,    0.00,    5.00,    4.78,   15.46,   10.73,   12.90
 295,295,   1, 5000.00,    0.00,    5.00,    4.57,   15.36,   10.76,   12.82
 296,296,   1, 5000.00,    0.00,    5.00,    4.36,   15.25,   10.79,   12.73
 297,297,   1, 5000.00,    0.00,    5.00,    4.15,   15.15,   10.82,   12.65
 298,298,   1, 5000.00,    0.00,    5.00,    3.95,   15.04,   10.85,   12.56
 299,299,   1, 5000.00,    0.00,    5.00,    3.74,   14.93,   10.88,   12.48
 300,300,   1, 5000.00,    0.00,    5.00,    3.54,   14.82,   10.91,   12.39
 301,301,   1, 5000.00,    0.00,    5.00,    3.33,   14.70,   10.94,   12.30
 302,302,   1, 5000.00,    0.00,    5.00,    3.13,   14.59,   10.97,   12.21
 303,303,   1, 5000.00,    0.00,    5.00,    2.93,   14.47,   10.99,   12.12
 304,304,   1, 5000.00,    0.00,    5.00,    2.73,   14.35,   11.02,   12.02
 305,305,   1, 5000.00,    0.00,    5.00,    2.53,   14.23,   11.04,   11.93
 306,306,   1, 5000.00,    0.00,    5.00,    2.33,   14.10,   11.06,   11.84
 307,307,   1, 5000.00,    0.00,    5.00,    2.14,   13.98,   11.09,   11.74
 308,308,   1, 5000.00,    0.00,    5.00,    1.95,   13.85,   11.11,   11.64
 309,309,   1, 5000.00,    0.00,    5.00,    1.75,   13.72,   11.12,   11.55
 310,310,   1, 5000.00,    0.00,    5.00,    1.56,   13.58,   11.14,   11.45
 311,311,   1, 5000.00,    0.00,    5.00,    1.37,   13.45,   11.16,   11.35
 312,312,   1, 5000.00,    0.00,    5.00,    1.19,   13.31,   11.18,   11.25
 313,313,   1, 5000.00,    0.00,    5.00,    1.00,   13.18,   11.19,   11.15
 314,314,   1, 5000.00,    0.00,    5.00,    0.82,   13.04,   11.21,   11.05
 315,315,   1, 5000.00,    0.00,    5.00,    0.64,   12.90,   11.22,   10.95
 316,316,   1, 5000.00,    0.00,    5.00,    0.46,   12.76,   11.23,   10.84
 317,317,   1, 5000.00,    0.00,    5.00,    0.28,   12.61,   11.24,   10.74
 318,318,   1, 5000.00,    0.00,    5.00,    0.11,   12.47,   11.25,   10.63
 319,319,   1, 5000.00,    0.00,    5.00,   -0.06,   12.32,   11.26,   10.53
 320,320,   1, 5000.00,    0.00,    5.00,   -0.23,   12.17,   11.27,   10.42
 321,321,   1, 5000.00,    0.00,    5.00,   -0.40,   12.02,   11.27,   10.32
 322,322,   1, 5000.00,    0.00,    5.00,   -0.57,   11.87,   11.28,   10.21
 323,323,   1, 5000.00,    0.00,    5.00,   -0.73,   11.72,   11.28,   10.10
 324,324,   1, 5000.00,    0.00,    5.00,   -0.89,   11.56,   11.28,   10.00
 325,325,   1, 5000.00,    0.00,    5.00,   -1.05,   11.41,   11.29,    9.89
 326,326,   1, 5000.00,    0.00,    5.00,   -1.20,   11.25,   11.29,    9.78
 327,327,   1, 5000.00,    0.00,    5.00,   -1.36,   11.10,   11.29,    9.67
 328,328,   1, 5000.00,    0.00,    5.00,   -1.51,   10.94,   11.28,    9.56
 329,329,   1, 5000.00,    0.00,    5.00,   -1.66,   10.78,   11.28,    9.45
 330,330,   1, 5000.00,    0.00,    5.00,   -1.80,   10.62,   11.28,    9.34
 331,331,   1, 5000.00,    0.00,    5.00,   -1.94,   10.46,   11.27,    9.23
 332,332,   1, 5000.00,    0.00,    5.00,   -2.08,   10.30,   11.27,    9.12
 333,333,   1, 5000.00,    0.00,    5.00,   -2.22,   10.13,   11.26,    9.01
 334,334,   1, 5000.00,    0.00,    5.00,   -2.35,    9.97,   11.25,    8.90
 335,335,   1, 5000.00,    0.00,    5.00,   -2.48,    9.81,   11.24,    8.79
 336,336,   1, 5000.00,    0.00,    5.00,   -2.61,    9.64,   11.23,    8.68
 337,337,   1, 5000.00,    0.00,    5.00,   -2.74,    9.48,   11.22,    8.57
 338,338,   1, 5000.00,    0.00,    5.00,   -2.86,    9.31,   11.21,    8.46
 339,339,   1, 5000.00,    0.00,    5.00,   -2.98,    9.14,   11.19,    8.34
 340,340,   1, 5000.00,    0.00,    5.00,   -3.09,    8.98,   11.18,    8.23
 341,341,   1, 5000.00,    0.00,    5.00,   -3.21,    8.81,   11.16,    8.12
 342,342,   1, 5000.00,    0.00,    5.00,   -3.32,    8.64,   11.14,    8.01
 343,343,   1, 5000.00,    0.00,    5.00,   -3.42,    8.47,   11.12,    7.90
 344,344,   1, 5000.00,    0.00,    5.00,   -3.53,    8.30,   11.11,    7.79
 345,345,   1, 5000.00,    0.00,    5.00,   -3.63,    8.13,   11.09,    7.68
 346,346,   1, 5000.00,    0.00,    5.00,   -3.72,    7.97,   11.06,    7.57
 347,347,   1, 5000.00,    0.00,    5.00,   -3.81,    7.80,   11.04,    7.46
 348,348,   1, 5000.00,    0.00,    5.00,   -3.90,    7.63,   11.02,    7.35
 349,349,   1, 5000.00,    0.00,    5.00,   -3.99,    7.46,   10.99,    7.24
 350,350,   1, 5000.00,    0.00,    5.00,   -4.07,    7.29,   10.97,    7.13
 351,351,   1, 5000.00,    0.00,    5.00,   -4.15,    7.12,   10.94,    7.02
 352,352,   1, 5000.00,    0.00,    5.00,   -4.23,    6.95,   10.91,    6.92
 353,353,   1, 5000.00,    0.00,    5.00,   -4.30,    6.78,   10.88,    6.81
 354,354,   1, 5000.00,    0.00,    5.00,   -4.37,    6.61,   10.85,    6.70
 355,355,   1, 5000.00,    0.00,    5.00,   -4.44,    6.44,   10.82,    6.59
 356,356,   1, 5000.00,    0.00,    5.00,   -4.50,    6.28,   10.79,    6.49
 357,357,   1, 5000.00,    0.00,    5.00,   -4.56,    6.11,   10.76,    6.38
 358,358,   1, 5000.00,    0.00,    5.00,   -4.61,    5.94,   10.73,    6.28
 359,359,   1, 5000.00,    0.00,    5.00,   -4.66,    5.77,   10.69,    6.17
 360,360,   1, 5000.00,    0.00,    5.00,   -4.71,    5.61,   10.66,    6.07
 361,361,   1, 5000.00,    0.00,    5.00,   -4.76,    5.44,   10.62,    5.97
 362,362,   1, 5000.00,    0.00,    5.00,   -4.80,    5.28,   10.58,    5.86
 363,363,   1, 5000.00,    0.00,    5.00,   -4.83,    5.11,   10.54,    5.76
 364,364,   1, 5000.00,    0.00,    5.00,   -4.87,    4.95,   10.50,    5.66
 365,365,   1, 5000.00,    0.00,    5.00,   -4.90,    4.78,   10.46,    5.56
 366,  1,   2, 5000.00,    0.00,    5.00,   -4.92,    4.62,   10.42,    5.46
 367,  2,   2, 5000.00,    0.00,    5.00,   -4.94,    4.46,   10.38,    5.37
 368,  3,   2, 5000.00,    0.00,    5.00,   -4.96,    4.30,   10.34,    5.27
 369,  4,   2, 5000.00,    0.00,    5.00,   -4.98,    4.14,   10.30,    5.17
 370,  5,   2, 5000.00,    0.00,    5.00,   -4.99,    3.98,   10.25,    5.08
 371,  6,   2, 5000.00,    0.00,    5.00,   -5.00,    3.82,   10.21,    4.98
 372,  7,   2, 5000.00,    0.00,    5.00,   -5.00,    3.67,   10.16,    4.89
 373,  8,   2, 5000.00,    0.00,    5.00,   -5.00,    3.51,   10.11,    4.80
 374,  9,   2, 5000.00,    0.00,    5.00,   -5.00,    3.36,   10.07,    4.70
 375, 10,   2, 5000.00,    0.00,    5.00,   -4.99,    3.21,   10.02,    4.61
 376, 11,   2, 5000.00,    0.00,    5.00,   -4.98,    3.05,    9.97,    4.53
 377, 12,   2, 5000.00,    0.00,    5.00,   -4.96,    2.90,    9.92,    4.44
 378, 13,   2, 5000.00,    0.00,    5.00,   -4.94,    2.75,    9.87,    4.35
 379, 14,   2, 5000.00,    0.00,    5.00,   -4.92,    2.61,    9.82,    4.27
 380, 15,   2, 5000.00,    0.00,    5.00,   -4.90,    2.46,    9.76,    4.18
 381, 16,   2, 5000.00,    0.00,    5.00,   -4.87,    2.32,    9.71,    4.10
 382, 17,   2, 5000.00,    0.00,    5.00,   -4.83,    2.17,    9.66,    4.02
 383, 18,   2, 5000.00,    0.00,    5.00,   -4.80,    2.03,    9.61,    3.94
 384, 19,   2, 5000.00,    0.00,    5.00,   -4.76,    1.89,    9.55,    3.86
 385, 20,   2, 5000.00,    0.00,    5.00,   -4.71,    1.75,    9.50,    3.78
 386, 21,   2, 5000.00,    0.00,    5.00,   -4.66,    1.62,    9.44,    3.70
 387, 22,   2, 5000.00,    0.00,    5.00,   -4.61,    1.48,    9.38,    3.63
 388, 23,   2, 5000.00,    0.00,    5.00,   -4.56,    1.35,    9.33,    3.55
 389, 24,   2, 5000.00,    0.00,    5.00,   -4.50,    1.22,    9.27,    3.48
 390, 25,   2, 5000.00,    0.00,    5.00,   -4.44,    1.09,    9.21,    3.41
 391, 26,   2, 5000.00,    0.00,    5.00,   -4.37,    0.96,    9.15,    3.34
 392, 27,   2, 5000.00,    0.00,    5.00,   -4.30,    0.84,    9.09,    3.27
 393, 28,   2, 5000.00,    0.00,    5.00,   -4.23,    0.71,    9.03,    3.21
 394, 29,   2, 5000.00,    0.00,    5.00,   -4.15,    0.59,    8.98,    3.14
 395, 30,   2, 5000.00,    0.00,    5.00,   -4.07,    0.47,    8.91,    3.08
 396, 31,   2, 5000.00,    0.00,    5.00,   -3.99,    0.35,    8.85,    3.02
 397, 32,   2, 5000.00,    0.00,    5.00,   -3.90,    0.24,    8.79,    2.96
 398, 33,   2, 5000.00,    0.00,    5.00,   -3.81,    0.13,    8.73,    2.90
 399, 34,   2, 5000.00,    0.00,    5.00,   -3.72,    0.01,    8.67,    2.84
 400, 35,   2, 5000.00,    0.00,    5.00,   -3.63,   -0.09,    8.61,    2.78
 401, 36,   2, 5000.00,    0.00,    5.00,   -3.53,   -0.20,    8.55,    2.73
 402, 37,   2, 5000.00,    0.00,    5.00,   -3.42,   -0.30,    8.48,    2.68
 403, 38,   2, 5000.00,    0.00,    5.00,   -3.32,   -0.41,    8.42,    2.63
 404, 39,   2, 5000.00,    0.00,    5.00,   -3.21,   -0.51,    8.36,    2.58
 405, 40,   2, 5000.00,    0.00,    5.00,   -3.09,   -0.60,    8.29,    2.53
 406, 41,   2, 5000.00,    0.00,    5.00,   -2.98,   -0.70,    8.23,    2.49
 407, 42,   2, 5000.00,    0.00,    5.00,   -2.86,   -0.79,    8.16,    2.44
 408, 43,   2, 5000.00,    0.00,    5.00,   -2.74,   -0.88,    8.10,    2.40
 409, 44,   2, 5000.00,    0.00,    5.00,   -2.61,   -0.97,    8.04,    2.36
 410, 45,   2, 5000.00,    0.00,    5.00,   -2.48,   -1.05,    7.97,    2.32
 411, 46,   2, 5000.00,    0.00,    5.00,   -2.35,   -1.13,    7.91,    2.29
 412, 47,   2, 5000.00,    0.00,    5.00,   -2.22,   -1.21,    7.84,    2.25
 413, 48,   2, 5000.00,    0.00,    5.00,   -2.08,   -1.29,    7.78,    2.22
 414, 49,   2, 5000.00,    0.00,    5.00,   -1.94,   -1.37,    7.71,    2.19
 415, 50,   2, 5000.00,    0.00,    5.00,   -1.80,   -1.44,    7.65,    2.16
 416, 51,   2, 5000.00,    0.00,    5.00,   -1.66,   -1.51,    7.58,    2.13
 417, 52,   2, 5000.00,    0.00,    5.00,   -1.51,   -1.57,    7.52,    2.11
 418, 53,   2, 5000.00,    0.00,    5.00,   -1.36,   -1.64,    7.45,    2.08
 419, 54,   2, 5000.00,    0.00,    5.00,   -1.20,   -1.70,    7.39,    2.06
 420, 55,   2, 5000.00,    0.00,    5.00,   -1.05,   -1.76,    7.32,    2.04
 421, 56,   2, 5000.00,    0.00,    5.00,   -0.89,   -1.81,    7.26,    2.02
 422, 57,   2, 5000.00,    0.00,    5.00,   -0.73,   -1.87,    7.19,    2.01
 423, 58,   2, 5000.00,    0.00,    5.00,   -0.57,   -1.92,    7.13,    1.99
 424, 59,   2, 5000.00,    0.00,    5.00,   -0.40,   -1.96,    7.06,    1.98
 425, 60,   2, 5000.00,    0.00,    5.00,   -0.23,   -2.01,    7.00,    1.97
 426, 61,   2, 5000.00,    0.00,    5.00,   -0.06,   -2.05,    6.93,    1.96
 427, 62,   2, 5000.00,    0.00,    5.00,    0.11,   -2.09,    6.87,    1.95
 428, 63,   2, 5000.00,    0.00,    5.00,    0.28,   -2.13,    6.80,    1.95
 429, 64,   2, 5000.00,    0.00,    5.00,    0.46,   -2.16,    6.74,    1.95
 430, 65,   2, 5000.00,    0.00,    5.00,    0.64,   -2.19,    6.68,    1.95
 431, 66,   2, 5000.00,    0.00,    5.00,    0.82,   -2.22,    6.61,    1.95
 432, 67,   2, 5000.00,    0.00,    5.00,    1.00,   -2.24,    6.55,    1.95
 433, 68,   2, 5000.00,    0.00,    5.00,    1.19,   -2.26,    6.49,    1.95
 434, 69,   2, 5000.00,    0.00,    5.00,    1.37,   -2.28,    6.42,    1.96
 435, 70,   2, 5000.00,    0.00,    5.00,    1.56,   -2.30,    6.36,    1.97
 436, 71,   2, 5000.00,    0.00,    5.00,    1.75,   -2.31,    6.30,    1.98
 437, 72,   2, 5000.00,    0.00,    5.00,    1.95,   -2.32,    6.24,    1.99
 438, 73,   2, 5000.00,    0.00,    5.00,    2.14,   -2.33,    6.18,    2.00
 439, 74,   2, 5000.00,    0.00,    5.00,    2.33,   -2.33,    6.12,    2.02
 440, 75,   2, 5000.00,    0.00,    5.00,    2.53,   -2.33,    6.05,    2.04
 441, 76,   2, 5000.00,    0.00,    5.00,    2.73,   -2.33,    5.99,    2.06
 442, 77,   2, 5000.00,    0.00,    5.00,    2.93,   -2.33,    5.94,    2.08
 443, 78,   2, 5000.00,    0.00,    5.00,    3.13,   -2.32,    5.88,    2.10
 444, 79,   2, 5000.00,    0.00,    5.00,    3.33,   -2.31,    5.82,    2.13
 445, 80,   2, 5000.00,    0.00,    5.00,    3.54,   -2.30,    5.76,    2.15
 446, 81,   2, 5000.00,    0.00,    5.00,    3.74,   -2.28,    5.70,    2.18
 447, 82,   2, 5000.00,    0.00,    5.00,    3.95,   -2.26,    5.64,    2.21
 448, 83,   2, 5000.00,    0.00,    5.00,    4.15,   -2.24,    5.59,    2.25
 449, 84,   2, 5000.00,    0.00,    5.00,    4.36,   -2.22,    5.53,    2.28
 450, 85,   2, 5000.00,    0.00,    5.00,    4.57,   -2.19,    5.48,    2.32
 451, 86,   2, 5000.00,    0.00,    5.00,    4.78,   -2.16,    5.42,    2.35
 452, 87,   2, 5000.00,    0.00,    5.00,    4.99,   -2.13,    5.37,    2.39
 453, 88,   2, 5000.00,    0.00,    5.00,    5.20,   -2.09,    5.31,    2.43
 454, 89,   2, 5000.00,    0.00,    5.00,    5.41,   -2.05,    5.26,    2.48
 455, 90,   2, 5000.00,    0.00,    5.00,    5.62,   -2.01,    5.21,    2.52
 456, 91,   2, 5000.00,    0.00,    5.00,    5.84,   -1.96,    5.16,    2.57
 457, 92,   2, 5000.00,    0.00,    5.00,    6.05,   -1.92,    5.11,    2.62
 458, 93,   2, 5000.00,    0.00,    5.00,    6.26,   -1.87,    5.06,    2.67
 459, 94,   2, 5000.00,    0.00,    5.00,    6.48,   -1.81,    5.01,    2.72
 460, 95,   2, 5000.00,    0.00,    5.00,    6.69,   -1.76,    4.96,    2.77
 461, 96,   2, 5000.00,    0.00,    5.00,    6.91,   -1.70,    4.91,    2.83
 462, 97,   2, 5000.00,    0.00,    5.00,    7.12,   -1.64,    4.86,    2.88
 463, 98,   2, 5000.00,    0.00,    5.00,    7.34,   -1.57,    4.82,    2.94
 464, 99,   2, 5000.00,    0.00,    5.00,    7.55,   -1.51,    4.77,    3.00
 465,100,   2, 5000.00,    0.00,    5.00,    7.77,   -1.44,    4.73,    3.06
 466,101,   2, 5000.00,    0.00,    5.00,    7.98,   -1.37,    4.68,    3.12
 467,102,   2, 5000.00,    0.00,    5.00,    8.20,   -1.29,    4.64,    3.19
 468,103,   2, 5000.00,    0.00,    5.00,    8.41,   -1.21,    4.60,    3.25
 469,104,   2, 5000.00,    0.00,    5.00,    8.63,   -1.13,    4.56,    3.32
 470,105,   2, 5000.00,    0.00,    5.00,    8.84,   -1.05,    4.52,    3.39
 471,106,   2, 5000.00,    0.00,    5.00,    9.06,   -0.97,    4.48,    3.46
 472,107,   2, 5000.00,    0.00,    5.00,    9.27,   -0.88,    4.44,    3.53
 473,108,   2, 5000.00,    0.00,    5.00,    9.48,   -0.79,    4.40,    3.61
 474,109,   2, 5000.00,    0.00,    5.00,    9.69,   -0.70,    4.36,    3.68
 475,110,   2, 5000.00,    0.00,    5.00,    9.91,   -0.60,    4.33,    3.76
 476,111,   2, 5000.00,    0.00,    5.00,   10.12,   -0.51,    4.29,    3.83
 477,112,   2, 5000.00,    0.00,    5.00,   10.33,   -0.41,    4.26,    3.91
 478,113,   2, 5000.00,    0.00,    5.00,   10.54,   -0.30,    4.22,    3.99
 479,114,   2, 5000.00,    0.00,    5.00,   10.74,   -0.20,    4.19,    4.07
 480,115,   2, 5000.00,    0.00,    5.00,   10.95,   -0.09,    4.16,    4.16
 481,116,   2, 5000.00,    0.00,    5.00,   11.16,    0.01,    4.13,    4.24
 482,117,   2, 5000.00,    0.00,    5.00,   11.36,    0.13,    4.10,    4.32
 483,118,   2, 5000.00,    0.00,    5.00,   11.57,    0.24,    4.07,    4.41
 484,119,   2, 5000.00,    0.00,    5.00,   11.77,    0.35,    4.05,    4.50
 485,120,   2, 5000.00,    0.00,    5.00,   11.97,    0.47,    4.02,    4.58
 486,121,   2, 5000.00,    0.00,    5.00,   12.17,    0.59,    3.99,    4.67
 487,122,   2, 5000.00,    0.00,    5.00,   12.37,    0.71,    3.97,    4.76
 488,123,   2, 5000.00,    0.00,    5.00,   12.57,    0.84,    3.95,    4.86
 489,124,   2, 5000.00,    0.00,    5.00,   12.76,    0.96,    3.93,    4.95
 490,125,   2, 5000.00,    0.00,    5.00,   12.96,    1.09,    3.90,    5.04
 491,126,   2, 5000.00,    0.00,    5.00,   13.15,    1.22,    3.88,    5.14
 492,127,   2, 5000.00,    0.00,    5.00,   13.34,    1.35,    3.87,    5.23
 493,128,   2, 5000.00,    0.00,    5.00,   13.53,    1.48,    3.85,    5.33
 494,129,   2, 5000.00,    0.00,    5.00,   13.72,    1.62,    3.83,    5.43
 495,130,   2, 5000.00,    0.00,    5.00,   13.90,    1.75,    3.82,    5.52
 496,131,   2, 5000.00,    0.00,    5.00,   14.09,    1.89,    3.80,    5.62
 497,132,   2, 5000.00,    0.00,    5.00,   14.27,    2.03,    3.79,    5.72
 498,133,   2, 5000.00,    0.00,    5.00,   14.45,    2.17,    3.78,    5.82
 499,134,   2, 5000.00,    0.00,    5.00,   14.63,    2.32,    3.76,    5.92
 500,135,   2, 5000.00,    0.00,    5.00,   14.80,    2.46,    3.75,    6.03
 501,136,   2, 5000.00,    0.00,    5.00,   14.98,    2.61,    3.75,    6.13
 502,137,   2, 5000.00,    0.00,    5.00,   15.15,    2.75,    3.74,    6.23
 503,138,   2, 5000.00,    0.00,    5.00,   15.32,    2.90,    3.73,    6.33
 504,139,   2, 5000.00,    0.00,    5.00,   15.48,    3.05,    3.73,    6.44
 505,140,   2, 5000.00,    0.00,    5.00,   15.65,    3.21,    3.72,    6.54
 506,141,   2, 5000.00,    0.00,    5.00,   15.81,    3.36,    3.72,    6.65
 507,142,   2, 5000.00,    0.00,    5.00,   15.97,    3.51,    3.72,    6.76
 508,143,   2, 5000.00,    0.00,    5.00,   16.13,    3.67,    3.71,    6.86
 509,144,   2, 5000.00,    0.00,    5.00,   16.28,    3.82,    3.71,    6.97
 510,145,   2, 5000.00,    0.00,    5.00,   16.43,    3.98,    3.72,    7.08
 511,146,   2, 5000.00,    0.00,    5.00,   16.58,    4.14,    3.72,    7.18
 512,147,   2, 5000.00,    0.00,    5.00,   16.73,    4.30,    3.72,    7.29
 513,148,   2, 5000.00,    0.00,    5.00,   16.87,    4.46,    3.73,    7.40
 514,149,   2, 5000.00,    0.00,    5.00,   17.01,    4.62,    3.73,    7.51
 515,150,   2, 5000.00,    0.00,    5.00,   17.15,    4.78,    3.74,    7.62
 516,151,   2, 5000.00,    0.00,    5.00,   17.29,    4.95,    3.75,    7.72
 517,152,   2, 5000.00,    0.00,    5.00,   17.42,    5.11,    3.75,    7.83
 518,153,   2, 5000.00,    0.00,    5.00,   17.55,    5.28,    3.76,    7.94
 519,154,   2, 5000.00,    0.00,    5.00,   17.68,    5.44,    3.78,    8.05
 520,155,   2, 5000.00,    0.00,    5.00,   17.80,    5.61,    3.79,    8.16
 521,156,   2, 5000.00,    0.00,    5.00,   17.92,    5.77,    3.80,    8.27
 522,157,   2, 5000.00,    0.00,    5.00,   18.04,    5.94,    3.82,    8.38
 523,158,   2, 5000.00,    0.00,    5.00,   18.15,    6.11,    3.83,    8.49
 524,159,   2, 5000.00,    0.00,    5.00,   18.26,    6.28,    3.85,    8.60
 525,160,   2, 5000.00,    0.00,    5.00,   18.37,    6.44,    3.87,    8.71
 526,161,   2, 5000.00,    0.00,    5.00,   18.47,    6.61,    3.88,    8.82
 527,162,   2, 5000.00,    0.00,    5.00,   18.58,    6.78,    3.90,    8.93
 528,163,   2, 5000.00,    0.00,    5.00,   18.67,    6.95,    3.93,    9.03
 529,164,   2, 5000.00,    0.00,    5.00,   18.77,    7.12,    3.95,    9.14
 530,165,   2, 5000.00,    0.00,    5.00,   18.86,    7.29,    3.97,    9.25
 531,166,   2, 5000.00,    0.00,    5.00,   18.95,    7.46,    3.99,    9.36
 532,167,   2, 5000.00,    0.00,    5.00,   19.03,    7.63,    4.02,    9.47
 533,168,   2, 5000.00,    0.00,    5.00,   19.11,    7.80,    4.05,    9.57
 534,169,   2, 5000.00,    0.00,    5.00,   19.19,    7.97,    4.07,    9.68
 535,170,   2, 5000.00,    0.00,    5.00,   19.27,    8.13,    4.10,    9.79
 536,171,   2, 5000.00,    0.00,    5.00,   19.34,    8.30,    4.13,    9.89
 537,172,   2, 5000.00,    0.00,    5.00,   19.40,    8.47,    4.16,   10.00
 538,173,   2, 5000.00,    0.00,    5.00,   19.47,    8.64,    4.19,   10.10
 539,174,   2, 5000.00,    0.00,    5.00,   19.53,    8.81,    4.22,   10.21
 540,175,   2, 5000.00,    0.00,    5.00,   19.59,    8.98,    4.26,   10.31
 541,176,   2, 5000.00,    0.00,    5.00,   19.64,    9.14,    4.29,   10.42
 542,177,   2, 5000.00,    0.00,    5.00,   19.69,    9.31,    4.33,   10.52
 543,178,   2, 5000.00,    0.00,    5.00,   19.73,    9.48,    4.36,   10.62
 544,179,   2, 5000.00,    0.00,    5.00,   19.78,    9.64,    4.40,   10.72
 545,180,   2, 5000.00,    0.00,    5.00,   19.82,    9.81,    4.44,   10.82
 546,181,   2, 5000.00,    0.00,    5.00,   19.85,    9.97,    4.48,   10.92
 547,182,   2, 5000.00,    0.00,    5.00,   19.88,   10.13,    4.52,   11.02
 548,183,   2, 5000.00,    0.00,    5.00,   19.91,   10.30,    4.56,   11.12
 549,184,   2, 5000.00,    0.00,    5.00,   19.93,   10.46,    4.60,   11.22
 550,185,   2, 5000.00,    0.00,    5.00,   19.95,   10.62,    4.64,   11.31
 551,186,   2, 5000.00,    0.00,    5.00,   19.97,   10.78,    4.68,   11.41
 552,187,   2, 5000.00,    0.00,    5.00,   19.98,   10.94,    4.73,   11.50
 553,188,   2, 5000.00,    0.00,    5.00,   19.99,   11.10,    4.77,   11.60
 554,189,   2, 5000.00,    0.00,    5.00,   20.00,   11.25,    4.82,   11.69
 555,190,   2, 5000.00,    0.00,    5.00,   20.00,   11.41,    4.86,   11.78
 556,191,   2, 5000.00,    0.00,    5.00,   20.00,   11.56,    4.91,   11.87
 557,192,   2, 5000.00,    0.00,    5.00,   19.99,   11.72,    4.96,   11.96
 558,193,   2, 5000.00,    0.00,    5.00,   19.98,   11.87,    5.01,   12.05
 559,194,   2, 5000.00,    0.00,    5.00,   19.97,   12.02,    5.06,   12.14
 560,195,   2, 5000.00,    0.00,    5.00,   19.95,   12.17,    5.11,   12.23
 561,196,   2, 5000.00,    0.00,    5.00,   19.93,   12.32,    5.16,   12.31
 562,197,   2, 5000.00,    0.00,    5.00,   19.91,   12.47,    5.21,   12.40
 563,198,   2, 5000.00,    0.00,    5.00,   19.88,   12.61,    5.26,   12.48
 564,199,   2, 5000.00,    0.00,    5.00,   19.85,   12.76,    5.31,   12.56
 565,200,   2, 5000.00,    0.00,    5.00,   19.82,   12.90,    5.37,   12.64
 566,201,   2, 5000.00,    0.00,    5.00,   19.78,   13.04,    5.42,   12.72
 567,202,   2, 5000.00,    0.00,    5.00,   19.73,   13.18,    5.48,   12.80
 568,203,   2, 5000.00,    0.00,    5.00,   19.69,   13.31,    5.53,   12.87
 569,204,   2, 5000.00,    0.00,    5.00,   19.64,   13.45,    5.59,   12.95
 570,205,   2, 5000.00,    0.00,    5.00,   19.59,   13.58,    5.64,   13.02
 571,206,   2, 5000.00,    0.00,    5.00,   19.53,   13.72,    5.70,   13.09
 572,207,   2, 5000.00,    0.00,    5.00,   19.47,   13.85,    5.76,   13.16
 573,208,   2, 5000.00,    0.00,    5.00,   19.40,   13.98,    5.82,   13.23
 574,209,   2, 5000.00,    0.00,    5.00,   19.34,   14.10,    5.88,   13.30
 575,210,   2, 5000.00,    0.00,    5.00,   19.27,   14.23,    5.94,   13.37
 576,211,   2, 5000.00,    0.00,    5.00,   19.19,   14.35,    5.99,   13.43
 577,212,   2, 5000.00,    0.00,    5.00,   19.11,   14.47,    6.05,   13.50
 578,213,   2, 5000.00,    0.00,    5.00,   19.03,   14.59,    6.12,   13.56
 579,214,   2, 5000.00,    0.00,    5.00,   18.95,   14.70,    6.18,   13.62
 580,215,   2, 5000.00,    0.00,    5.00,   18.86,   14.82,    6.24,   13.68
 581,216,   2, 5000.00,    0.00,    5.00,   18.77,   14.93,    6.30,   13.73
 582,217,   2, 5000.00,    0.00,    5.00,   18.67,   15.04,    6.36,   13.79
 583,218,   2, 5000.00,    0.00,    5.00,   18.58,   15.15,    6.42,   13.84
 584,219,   2, 5000.00,    0.00,    5.00,   18.47,   15.25,    6.49,   13.89
 585,220,   2, 5000.00,    0.00,    5.00,   18.37,   15.36,    6.55,   13.95
 586,221,   2, 5000.00,    0.00,    5.00,   18.26,   15.46,    6.61,   13.99
 587,222,   2, 5000.00,    0.00,    5.00,   18.15,   15.55,    6.68,   14.04
 588,223,   2, 5000.00,    0.00,    5.00,   18.04,   15.65,    6.74,   14.09
 589,224,   2, 5000.00,    0.00,    5.00,   17.92,   15.74,    6.80,   14.13
 590,225,   2, 5000.00,    0.00,    5.00,   17.80,   15.84,    6.87,   14.17
 591,226,   2, 5000.00,    0.00,    5.00,   17.68,   15.92,    6.93,   14.21
 592,227,   2, 5000.00,    0.00,    5.00,   17.55,   16.01,    7.00,   14.25
 593,228,   2, 5000.00,    0.00,    5.00,   17.42,   16.09,    7.06,   14.29
 594,229,   2, 5000.00,    0.00,    5.00,   17.29,   16.17,    7.13,   14.32
 595,230,   2, 5000.00,    0.00,    5.00,   17.15,   16.25,    7.19,   14.36
 596,231,   2, 5000.00,    0.00,    5.00,   17.01,   16.33,    7.26,   14.39
 597,232,   2, 5000.00,    0.00,    5.00,   16.87,   16.40,    7.32,   14.42
 598,233,   2, 5000.00,    0.00,    5.00,   16.73,   16.47,    7.39,   14.44
 599,234,   2, 5000.00,    0.00,    5.00,   16.58,   16.54,    7.45,   14.47
 600,235,   2, 5000.00,    0.00,    5.00,   16.43,   16.61,    7.52,   14.49
 601,236,   2, 5000.00,    0.00,    5.00,   16.28,   16.67,    7.58,   14.52
 602,237,   2, 5000.00,    0.00,    5.00,   16.13,   16.73,    7.65,   14.54
 603,238,   2, 5000.00,    0.00,    5.00,   15.97,   16.79,    7.71,   14.55
 604,239,   2, 5000.00,    0.00,    5.00,   15.81,   16.84,    7.78,   14.57
 605,240,   2, 5000.00,    0.00,    5.00,   15.65,   16.89,    7.84,   14.59
 606,241,   2, 5000.00,    0.00,    5.00,   15.48,   16.94,    7.91,   14.60
 607,242,   2, 5000.00,    0.00,    5.00,   15.32,   16.99,    7.97,   14.61
 608,243,   2, 5000.00,    0.00,    5.00,   15.15,   17.03,    8.04,   14.62
 609,244,   2, 5000.00,    0.00,    5.00,   14.98,   17.07,    8.10,   14.63
 610,245,   2, 5000.00,    0.00,    5.00,   14.80,   17.11,    8.16,   14.63
 611,246,   2, 5000.00,    0.00,    5.00,   14.63,   17.14,    8.23,   14.63
 612,247,   2, 5000.00,    0.00,    5.00,   14.45,   17.17,    8.29,   14.64
 613,248,   2, 5000.00,    0.00,    5.00,   14.27,   17.20,    8.36,   14.64
 614,249,   2, 5000.00,    0.00,    5.00,   14.09,   17.23,    8.42,   14.63
 615,250,   2, 5000.00,    0.00,    5.00,   13.90,   17.25,    8.48,   14.63
 616,251,   2, 5000.00,    0.00,    5.00,   13.72,   17.27,    8.55,   14.62
 617,252,   2, 5000.00,    0.00,    5.00,   13.53,   17.29,    8.61,   14.62
 618,253,   2, 5000.00,    0.00,    5.00,   13.34,   17.31,    8.67,   14.61
 619,254,   2, 5000.00,    0.00,    5.00,   13.15,   17.32,    8.73,   14.59
 620,255,   2, 5000.00,    0.00,    5.00,   12.96,   17.33,    8.79,   14.58
 621,256,   2, 5000.00,    0.00,    5.00,   12.76,   17.33,    8.85,   14.57
 622,257,   2, 5000.00,    0.00,    5.00,   12.57,   17.33,    8.91,   14.55
 623,258,   2, 5000.00,    0.00,    5.00,   12.37,   17.33,    8.98,   14.53
 624,259,   2, 5000.00,    0.00,    5.00,   12.17,   17.33,    9.03,   14.51
 625,260,   2, 5000.00,    0.00,    5.00,   11.97,   17.33,    9.09,   14.49
 626,261,   2, 5000.00,    0.00,    5.00,   11.77,   17.32,    9.15,   14.46
 627,262,   2, 5000.00,    0.00,    5.00,   11.57,   17.31,    9.21,   14.43
 628,263,   2, 5000.00,    0.00,    5.00,   11.36,   17.29,    9.27,   14.41
 629,264,   2, 5000.00,    0.00,    5.00,   11.16,   17.27,    9.33,   14.38
 630,265,   2, 5000.00,    0.00,    5.00,   10.95,   17.25,    9.38,   14.34
 631,266,   2, 5000.00,    0.00,    5.00,   10.74,   17.23,    9.44,   14.31
 632,267,   2, 5000.00,    0.00,    5.00,   10.54,   17.20,    9.50,   14.27
 633,268,   2, 5000.00,    0.00,    5.00,   10.33,   17.17,    9.55,   14.24
 634,269,   2, 5000.00,    0.00,    5.00,   10.12,   17.14,    9.61,   14.20
 635,270,   2, 5000.00,    0.00,    5.00,    9.91,   17.11,    9.66,   14.16
 636,271,   2, 5000.00,    0.00,    5.00,    9.69,   17.07,    9.71,   14.12
 637,272,   2, 5000.00,    0.00,    5.00,    9.48,   17.03,    9.76,   14.07
 638,273,   2, 5000.00,    0.00,    5.00,    9.27,   16.99,    9.82,   14.03
 639,274,   2, 5000.00,    0.00,    5.00,    9.06,   16.94,    9.87,   13.98
 640,275,   2, 5000.00,    0.00,    5.00,    8.84,   16.89,    9.92,   13.93
 641,276,   2, 5000.00,    0.00,    5.00,    8.63,   16.84,    9.97,   13.88
 642,277,   2, 5000.00,    0.00,    5.00,    8.41,   16.79,   10.02,   13.82
 643,278,   2, 5000.00,    0.00,    5.00,    8.20,   16.73,   10.07,   13.77
 644,279,   2, 5000.00,    0.00,    5.00,    7.98,   16.67,   10.11,   13.71
 645,280,   2, 5000.00,    0.00,    5.00,    7.77,   16.61,   10.16,   13.66
 646,281,   2, 5000.00,    0.00,    5.00,    7.55,   16.54,   10.21,   13.60
 647,282,   2, 5000.00,    0.00,    5.00,    7.34,   16.47,   10.25,   13.54
 648,283,   2, 5000.00,    0.00,    5.00,    7.12,   16.40,   10.30,   13.47
 649,284,   2, 5000.00,    0.00,    5.00,    6.91,   16.33,   10.34,   13.41
 650,285,   2, 5000.00,    0.00,    5.00,    6.69,   16.25,   10.38,   13.35
 651,286,   2, 5000.00,    0.00,    5.00,    6.48,   16.17,   10.42,   13.28
 652,287,   2, 5000.00,    0.00,    5.00,    6.26,   16.09,   10.46,   13.21
 653,288,   2, 5000.00,    0.00,    5.00,    6.05,   16.01,   10.50,   13.14
 654,289,   2, 5000.00,    0.00,    5.00,    5.84,   15.92,   10.54,   13.07
 655,290,   2, 5000.00,    0.00,    5.00,    5.62,   15.84,   10.58,   13.00
 656,291,   2, 5000.00,    0.00,    5.00,    5.41,   15.74,   10.62,   12.92
 657,292,   2, 5000.00,    0.00,    5.00,    5.20,   15.65,   10.66,   12.85
 658,293,   2, 5000.00,    0.00,    5.00,    4.99,   15.55,   10.69,   12.77
 659,294,   2, 5000.00,    0.00,    5.00,    4.78,   15.46,   10.73,   12.69
 660,295,   2, 5000.00,    0.00,    5.00,    4.57,   15.36,   10.76,   12.61
 661,296,   2, 5000.00,    0.00,    5.00,    4.36,   15.25,   10.79,   12.53
 662,297,   2, 5000.00,    0.00,    5.00,    4.15,   15.15,   10.82,   12.45
 663,298,   2, 5000.00,    0.00,    5.00,    3.95,   15.04,   10.85,   12.37
 664,299,   2, 5000.00,    0.00,    5.00,    3.74,   14.93,   10.88,   12.28
 665,300,   2, 5000.00,    0.00,    5.00,    3.54,   14.82,   10.91,   12.20
 666,301,   2, 5000.00,    0.00,    5.00,    3.33,   14.70,   10.94,   12.11
 667,302,   2, 5000.00,    0.00,    5.00,    3.13,   14.59,   10.97,   12.02
 668,303,   2, 5000.00,    0.00,    5.00,    2.93,   14.47,   10.99,   11.93
 669,304,   2, 5000.00,    0.00,    5.00,    2.73,   14.35,   11.02,   11.84
 670,305,   2, 5000.00,    0.00,    5.00,    2.53,   14.23,   11.04,   11.75
 671,306,   2, 5000.00,    0.00,    5.00,    2.33,   14.10,   11.06,   11.66
 672,307,   2, 5000.00,    0.00,    5.00,    2.14,   13.98,   11.09,   11.57
 673,308,   2, 5000.00,    0.00,    5.00,    1.95,   13.85,   11.11,   11.47
 674,309,   2, 5000.00,    0.00,    5.00,    1.75,   13.72,   11.12,   11.38
 675,310,   2, 5000.00,    0.00,    5.00,    1.56,   13.58,   11.14,   11.28
 676,311,   2, 5000.00,    0.00,    5.00,    1.37,   13.45,   11.16,   11.18
 677,312,   2, 5000.00,    0.00,    5.00,    1.19,   13.31,   11.18,   11.09
 678,313,   2, 5000.00,    0.00,    5.00,    1.00,   13.18,   11.19,   10.99
 679,314,   2, 5000.00,    0.00,    5.00,    0.82,   13.04,   11.21,   10.89
 680,315,   2, 5000.00,    0.00,    5.00,    0.64,   12.90,   11.22,   10.79
 681,316,   2, 5000.00,    0.00,    5.00,    0.46,   12.76,   11.23,   10.69
 682,317,   2, 5000.00,    0.00,    5.00,    0.28,   12.61,   11.24,   10.58
 683,318,   2, 5000.00,    0.00,    5.00,    0.11,   12.47,   11.25,   10.48
 684,319,   2, 5000.00,    0.00,    5.00,   -0.06,   12.32,   11.26,   10.38
 685,320,   2, 5000.00,    0.00,    5.00,   -0.23,   12.17,   11.27,   10.28
 686,321,   2, 5000.00,    0.00,    5.00,   -0.40,   12.02,   11.27,   10.17
 687,322,   2, 5000.00,    0.00,    5.00,   -0.57,   11.87,   11.28,   10.07
 688,323,   2, 5000.00,    0.00,    5.00,   -0.73,   11.72,   11.28,    9.96
 689,324,   2, 5000.00,    0.00,    5.00,   -0.89,   11.56,   11.28,    9.86
 690,325,   2, 5000.00,    0.00,    5.00,   -1.05,   11.41,   11.29,    9.75
 691,326,   2, 5000.00,    0.00,    5.00,   -1.20,   11.25,   11.29,    9.64
 692,327,   2, 5000.00,    0.00,    5.00,   -1.36,   11.10,   11.29,    9.53
 693,328,   2, 5000.00,    0.00,    5.00,   -1.51,   10.94,   11.28,    9.43
 694,329,   2, 5000.00,    0.00,    5.00,   -1.66,   10.78,   11.28,    9.32
 695,330,   2, 5000.00,    0.00,    5.00,   -1.80,   10.62,   11.28,    9.21
 696,331,   2, 5000.00,    0.00,    5.00,   -1.94,   10.46,   11.27,    9.10
 697,332,   2, 5000.00,    0.00,    5.00,   -2.08,   10.30,   11.27,    8.99
 698,333,   2, 5000.00,    0.00,    5.00,   -2.22,   10.13,   11.26,    8.89
 699,334,   2, 5000.00,    0.00,    5.00,   -2.35,    9.97,   11.25,    8.78
 700,335,   2, 5000.00,    0.00,    5.00,   -2.48,    9.81,   11.24,    8.67
 701,336,   2, 5000.00,    0.00,    5.00,   -2.61,    9.64,   11.23,    8.56
 702,337,   2, 5000.00,    0.00,    5.00,   -2.74,    9.48,   11.22,    8.45
 703,338,   2, 5000.00,    0.00,    5.00,   -2.86,    9.31,   11.21,    8.34
 704,339,   2, 5000.00,    0.00,    5.00,   -2.98,    9.14,   11.19,    8.23
 705,340,   2, 5000.00,    0.00,    5.00,   -3.09,    8.98,   11.18,    8.12
 706,341,   2, 5000.00,    0.00,    5.00,   -3.21,    8.81,   11.16,    8.01
 707,342,   2, 5000.00,    0.00,    5.00,   -3.32,    8.64,   11.14,    7.90
 708,343,   2, 5000.00,    0.00,    5.00,   -3.42,    8.47,   11.12,    7.79
 709,344,   2, 5000.00,    0.00,    5.00,   -3.53,    8.30,   11.11,    7.68
 710,345,   2, 5000.00,    0.00,    5.00,   -3.63,    8.13,   11.09,    7.57
 711,346,   2, 5000.00,    0.00,    5.00,   -3.72,    7.97,   11.06,    7.46
 712,347,   2, 5000.00,    0.00,    5.00,   -3.81,    7.80,   11.04,    7.36
 713,348,   2, 5000.00,    0.00,    5.00,   -3.90,    7.63,   11.02,    7.25
 714,349,   2, 5000.00,    0.00,    5.00,   -3.99,    7.46,   10.99,    7.14
 715,350,   2, 5000.00,    0.00,    5.00,   -4.07,    7.29,   10.97,    7.03
 716,351,   2, 5000.00,    0.00,    5.00,   -4.15,    7.12,   10.94,    6.93
 717,352,   2, 5000.00,    0.00,    5.00,   -4.23,    6.95,   10.91,    6.82
 718,353,   2, 5000.00,    0.00,    5.00,   -4.30,    6.78,   10.88,    6.71
 719,354,   2, 5000.00,    0.00,    5.00,   -4.37,    6.61,   10.85,    6.61
 720,355,   2, 5000.00,    0.00,    5.00,   -4.44,    6.44,   10.82,    6.50
 721,356,   2, 5000.00,    0.00,    5.00,   -4.50,    6.28,   10.79,    6.40
 722,357,   2, 5000.00,    0.00,    5.00,   -4.56,    6.11,   10.76,    6.29
 723,358,   2, 5000.00,    0.00,    5.00,   -4.61,    5.94,   10.73,    6.19
 724,359,   2, 5000.00,    0.00,    5.00,   -4.66,    5.77,   10.69,    6.08
 725,360,   2, 5000.00,    0.00,    5.00,   -4.71,    5.61,   10.66,    5.98
 726,361,   2, 5000.00,    0.00,    5.00,   -4.76,    5.44,   10.62,    5.88
 727,362,   2, 5000.00,    0.00,    5.00,   -4.80,    5.28,   10.58,    5.78
 728,363,   2, 5000.00,    0.00,    5.00,   -4.83,    5.11,   10.54,    5.68
 729,364,   2, 5000.00,    0.00,    5.00,   -4.87,    4.95,   10.50,    5.58
 730,365,   2, 5000.00,    0.00,    5.00,   -4.90,    4.78,   10.46,    5.48
 731,  1,   3, 5000.00,    0.00,    5.00,   -4.92,    4.62,   10.42,    5.38
 732,  2,   3, 5000.00,    0.00,    5.00,   -4.94,    4.46,   10.38,    5.29
 733,  3,   3, 5000.00,    0.00,    5.00,   -4.96,    4.30,   10.34,    5.19
 734,  4,   3, 5000.00,    0.00,    5.00,   -4.98,    4.14,   10.30,    5.09
 735,  5,   3, 5000.00,    0.00,    5.00,   -4.99,    3.98,   10.25,    5.00
 736,  6,   3, 5000.00,    0.00,    5.00,   -5.00,    3.82,   10.21,    4.91
 737,  7,   3, 5000.00,    0.00,    5.00,   -5.00,    3.67,   10.16,    4.81
 738,  8,   3, 5000.00,    0.00,    5.00,   -5.00,    3.51,   10.11,    4.72
 739,  9,   3, 5000.00,    0.00,    5.00,   -5.00,    3.36,   10.07,    4.63
 740, 10,   3, 5000.00,    0.00,    5.00,   -4.99,    3.21,   10.02,    4.54
 741, 11,   3, 5000.00,    0.00,    5.00,   -4.98,    3.05,    9.97,    4.45
 742, 12,   3, 5000.00,    0.00,    5.00,   -4.96,    2.90,    9.92,    4.37
 743, 13,   3, 5000.00,    0.00,    5.00,   -4.94,    2.75,    9.87,    4.28
 744, 14,   3, 5000.00,    0.00,    5.00,   -4.92,    2.61,    9.82,    4.20
 745, 15,   3, 5000.00,    0.00,    5.00,   -4.90,    2.46,    9.76,    4.11
 746, 16,   3, 5000.00,    0.00,    5.00,   -4.87,    2.32,    9.71,    4.03
 747, 17,   3, 5000.00,    0.00,    5.00,   -4.83,    2.17,    9.66,    3.95
 748, 18,   3, 5000.00,    0.00,    5.00,   -4.80,    2.03,    9.61,    3.87
 749, 19,   3, 5000.00,    0.00,    5.00,   -4.76,    1.89,    9.55,    3.79
 750, 20,   3, 5000.00,    0.00,    5.00,   -4.71,    1.75,    9.50,    3.71
 751, 21,   3, 5000.00,    0.00,    5.00,   -4.66,    1.62,    9.44,    3.64
 752, 22,   3, 5000.00,    0.00,    5.00,   -4.61,    1.48,    9.38,    3.56
 753, 23,   3, 5000.00,    0.00,    5.00,   -4.56,    1.35,    9.33,    3.49
 754, 24,   3, 5000.00,    0.00,    5.00,   -4.50,    1.22,    9.27,    3.42
 755, 25,   3, 5000.00,    0.00,    5.00,   -4.44,    1.09,    9.21,    3.35
 756, 26,   3, 5000.00,    0.00,    5.00,   -4.37,    0.96,    9.15,    3.28
 757, 27,   3, 5000.00,    0.00,    5.00,   -4.30,    0.84,    9.09,    3.21
 758, 28,   3, 5000.00,    0.00,    5.00,   -4.23,    0.71,    9.03,    3.15
 759, 29,   3, 5000.00,    0.00,    5.00,   -4.15,    0.59,    8.98,    3.08
 760, 30,   3, 5000.00,    0.00,    5.00,   -4.07,    0.47,    8.91,    3.02
 761, 31,   3, 5000.00,    0.00,    5.00,   -3.99,    0.35,    8.85,    2.96
 762, 32,   3, 5000.00,    0.00,    5.00,   -3.90,    0.24,    8.79,    2.90
 763, 33,   3, 5000.00,    0.00,    5.00,   -3.81,    0.13,    8.73,    2.84
 764, 34,   3, 5000.00,    0.00,    5.00,   -3.72,    0.01,    8.67,    2.79
 765, 35,   3, 5000.00,    0.00,    5.00,   -3.63,   -0.09,    8.61,    2.73
 766, 36,   3, 5000.00,    0.00,    5.00,   -3.53,   -0.20,    8.55,    2.68
 767, 37,   3, 5000.00,    0.00,    5.00,   -3.42,   -0.30,    8.48,    2.63
 768, 38,   3, 5000.00,    0.00,    5.00,   -3.32,   -0.41,    8.42,    2.58
 769, 39,   3, 5000.00,    0.00,    5.00,   -3.21,   -0.51,    8.36,    2.53
 770, 40,   3, 5000.00,    0.00,    5.00,   -3.09,   -0.60,    8.29,    2.48
 771, 41,   3, 5000.00,    0.00,    5.00,   -2.98,   -0.70,    8.23,    2.44
 772, 42,   3, 5000.00,    0.00,    5.00,   -2.86,   -0.79,    8.16,    2.40
 773, 43,   3, 5000.00,    0.00,    5.00,   -2.74,   -0.88,    8.10,    2.36
 774, 44,   3, 5000.00,    0.00,    5.00,   -2.61,   -0.97,    8.04,    2.32
 775, 45,   3, 5000.00,    0.00,    5.00,   -2.48,   -1.05,    7.97,    2.28
 776, 46,   3, 5000.00,    0.00,    5.00,   -2.35,   -1.13,    7.91,    2.24
 777, 47,   3, 5000.00,    0.00,    5.00,   -2.22,   -1.21,    7.84,    2.21
 778, 48,   3, 5000.00,    0.00,    5.00,   -2.08,   -1.29,    7.78,    2.18
 779, 49,   3, 5000.00,    0.00,    5.00,   -1.94,   -1.37,    7.71,    2.15
 780, 50,   3, 5000.00,    0.00,    5.00,   -1.80,   -1.44,    7.65,    2.12
 781, 51,   3, 5000.00,    0.00,    5.00,   -1.66,   -1.51,    7.58,    2.09
 782, 52,   3, 5000.00,    0.00,    5.00,   -1.51,   -1.57,    7.52,    2.07
 783, 53,   3, 5000.00,    0.00,    5.00,   -1.36,   -1.64,    7.45,    2.04
 784, 54,   3, 5000.00,    0.00,    5.00,   -1.20,   -1.70,    7.39,    2.02
 785, 55,   3, 5000.00,    0.00,    5.00,   -1.05,   -1.76,    7.32,    2.00
 786, 56,   3, 5000.00,    0.00,    5.00,   -0.89,   -1.81,    7.26,    1.98
 787, 57,   3, 5000.00,    0.00,    5.00,   -0.73,   -1.87,    7.19,    1.97
 788, 58,   3, 5000.00,    0.00,    5.00,   -0.57,   -1.92,    7.13,    1.95
 789, 59,   3, 5000.00,    0.00,    5.00,   -0.40,   -1.96,    7.06,    1.94
 790, 60,   3, 5000.00,    0.00,    5.00,   -0.23,   -2.01,    7.00,    1.93
 791, 61,   3, 5000.00,    0.00,    5.00,   -0.06,   -2.05,    6.93,    1.92
 792, 62,   3, 5000.00,    0.00,    5.00,    0.11,   -2.09,    6.87,    1.92
 793, 63,   3, 5000.00,    0.00,    5.00,    0.28,   -2.13,    6.80,    1.91
 794, 64,   3, 5000.00,    0.00,    5.00,    0.46,   -2.16,    6.74,    1.91
 795, 65,   3, 5000.00,    0.00,    5.00,    0.64,   -2.19,    6.68,    1.91
 796, 66,   3, 5000.00,    0.00,    5.00,    0.82,   -2.22,    6.61,    1.91
 797, 67,   3, 5000.00,    0.00,    5.00,    1.00,   -2.24,    6.55,    1.91
 798, 68,   3, 5000.00,    0.00,    5.00,    1.19,   -2.26,    6.49,    1.92
 799, 69,   3, 5000.00,    0.00,    5.00,    1.37,   -2.28,    6.42,    1.93
 800, 70,   3, 5000.00,    0.00,    5.00,    1.56,   -2.30,    6.36,    1.94
 801, 71,   3, 5000.00,    0.00,    5.00,    1.75,   -2.31,    6.30,    1.95
 802, 72,   3, 5000.00,    0.00,    5.00,    1.95,   -2.32,    6.24,    1.96
 803, 73,   3, 5000.00,    0.00,    5.00,    2.14,   -2.33,    6.18,    1.97
 804, 74,   3, 5000.00,    0.00,    5.00,    2.33,   -2.33,    6.12,    1.99
 805, 75,   3, 5000.00,    0.00,    5.00,    2.53,   -2.33,    6.05,    2.01
 806, 76,   3, 5000.00,    0.00,    5.00,    2.73,   -2.33,    5.99,    2.03
 807, 77,   3, 5000.00,    0.00,    5.00,    2.93,   -2.33,    5.94,    2.05
 808, 78,   3, 5000.00,    0.00,    5.00,    3.13,   -2.32,    5.88,    2.07
 809, 79,   3, 5000.00,    0.00,    5.00,    3.33,   -2.31,    5.82,    2.10
 810, 80,   3, 5000.00,    0.00,    5.00,    3.54,   -2.30,    5.76,    2.13
 811, 81,   3, 5000.00,    0.00,    5.00,    3.74,   -2.28,    5.70,    2.15
 812, 82,   3, 5000.00,    0.00,    5.00,    3.95,   -2.26,    5.64,    2.19
 813, 83,   3, 5000.00,    0.00,    5.00,    4.15,   -2.24,    5.59,    2.22
 814, 84,   3, 5000.00,    0.00,    5.00,    4.36,   -2.22,    5.53,    2.25
 815, 85,   3, 5000.00,    0.00,    5.00,    4.57,   -2.19,    5.48,    2.29
 816, 86,   3, 5000.00,    0.00,    5.00,    4.78,   -2.16,    5.42,    2.33
 817, 87,   3, 5000.00,    0.00,    5.00,    4.99,   -2.13,    5.37,    2.37
 818, 88,   3, 5000.00,    0.00,    5.00,    5.20,   -2.09,    5.31,    2.41
 819, 89,   3, 5000.00,    0.00,    5.00,    5.41,   -2.05,    5.26,    2.45
 820, 90,   3, 5000.00,    0.00,    5.00,    5.62,   -2.01,    5.21,    2.50
 821, 91,   3, 5000.00,    0.00,    5.00,    5.84,   -1.96,    5.16,    2.54
 822, 92,   3, 5000.00,    0.00,    5.00,    6.05,   -1.92,    5.11,    2.59
 823, 93,   3, 5000.00,    0.00,    5.00,    6.26,   -1.87,    5.06,    2.64
 824, 94,   3, 5000.00,    0.00,    5.00,    6.48,   -1.81,    5.01,    2.69
 825, 95,   3, 5000.00,    0.00,    5.00,    6.69,   -1.76,    4.96,    2.75
 826, 96,   3, 5000.00,    0.00,    5.00,    6.91,   -1.70,    4.91,    2.80
 827, 97,   3, 5000.00,    0.00,    5.00,    7.12,   -1.64,    4.86,    2.86
 828, 98,   3, 5000.00,    0.00,    5.00,    7.34,   -1.57,    4.82,    2.92
 829, 99,   3, 5000.00,    0.00,    5.00,    7.55,   -1.51,    4.77,    2.98
 830,100,   3, 5000.00,    0.00,    5.00,    7.77,   -1.44,    4.73,    3.04
 831,101,   3, 5000.00,    0.00,    5.00,    7.98,   -1.37,    4.68,    3.10
 832,102,   3, 5000.00,    0.00,    5.00,    8.20,   -1.29,    4.64,    3.17
 833,103,   3, 5000.00,    0.00,    5.00,    8.41,   -1.21,    4.60,    3.23
 834,104,   3, 5000.00,    0.00,    5.00,    8.63,   -1.13,    4.56,    3.30
 835,105,   3, 5000.00,    0.00,    5.00,    8.84,   -1.05,    4.52,    3.37
 836,106,   3, 5000.00,    0.00,    5.00,    9.06,   -0.97,    4.48,    3.44
 837,107,   3, 5000.00,    0.00,    5.00,    9.27,   -0.88,    4.44,    3.51
 838,108,   3, 5000.00,    0.00,    5.00,    9.48,   -0.79,    4.40,    3.59
 839,109,   3, 5000.00,    0.00,    5.00,    9.69,   -0.70,    4.36,    3.66
 840,110,   3, 5000.00,    0.00,    5.00,    9.91,   -0.60,    4.33,    3.74
 841,111,   3, 5000.00,    0.00,    5.00,   10.12,   -0.51,    4.29,    3.81
 842,112,   3, 5000.00,    0.00,    5.00,   10.33,   -0.41,    4.26,    3.89
 843,113,   3, 5000.00,    0.00,    5.00,   10.54,   -0.30,    4.22,    3.97
 844,114,   3, 5000.00,    0.00,    5.00,   10.74,   -0.20,    4.19,    4.05
 845,115,   3, 5000.00,    0.00,    5.00,   10.95,   -0.09,    4.16,    4.14
 846,116,   3, 5000.00,    0.00,    5.00,   11.16,    0.01,    4.13,    4.22
 847,117,   3, 5000.00,    0.00,    5.00,   11.36,    0.13,    4.10,    4.31
 848,118,   3, 5000.00,    0.00,    5.00,   11.57,    0.24,    4.07,    4.39
 849,119,   3, 5000.00,    0.00,    5.00,   11.77,    0.35,    4.05,    4.48
 850,120,   3, 5000.00,    0.00,    5.00,   11.97,    0.47,    4.02,    4.57
 851,121,   3, 5000.00,    0.00,    5.00,   12.17,    0.59,    3.99,    4.66
 852,122,   3, 5000.00,    0.00,    5.00,   12.37,    0.71,    3.97,    4.75
 853,123,   3, 5000.00,    0.00,    5.00,   12.57,    0.84,    3.95,    4.84
 854,124,   3, 5000.00,    0.00,    5.00,   12.76,    0.96,    3.93,    4.93
 855,125,   3, 5000.00,    0.00,    5.00,   12.96,    1.09,    3.90,    5.03
 856,126,   3, 5000.00,    0.00,    5.00,   13.15,    1.22,    3.88,    5.12
 857,127,   3, 5000.00,    0.00,    5.00,   13.34,    1.35,    3.87,    5.22
 858,128,   3, 5000.00,    0.00,    5.00,   13.53,    1.48,    3.85,    5.31
 859,129,   3, 5000.00,    0.00,    5.00,   13.72,    1.62,    3.83,    5.41
 860,130,   3, 5000.00,    0.00,    5.00,   13.90,    1.75,    3.82,    5.51
 861,131,   3, 5000.00,    0.00,    5.00,   14.09,    1.89,    3.80,    5.61
 862,132,   3, 5000.00,    0.00,    5.00,   14.27,    2.03,    3.79,    5.71
 863,133,   3, 5000.00,    0.00,    5.00,   14.45,    2.17,    3.78,    5.81
 864,134,   3, 5000.00,    0.00,    5.00,   14.63,    2.32,    3.76,    5.91
 865,135,   3, 5000.00,    0.00,    5.00,   14.80,    2.46,    3.75,    6.01
 866,136,   3, 5000.00,    0.00,    5.00,   14.98,    2.61,    3.75,    6.11
 867,137,   3, 5000.00,    0.00,    5.00,   15.15,    2.75,    3.74,    6.22
 868,138,   3, 5000.00,    0.00,    5.00,   15.32,    2.90,    3.73,    6.32
 869,139,   3, 5000.00,    0.00,    5.00,   15.48,    3.05,    3.73,    6.43
 870,140,   3, 5000.00,    0.00,    5.00,   15.65,    3.21,    3.72,    6.53
 871,141,   3, 5000.00,    0.00,    5.00,   15.81,    3.36,    3.72,    6.64
 872,142,   3, 5000.00,    0.00,    5.00,   15.97,    3.51,    3.72,    6.74
 873,143,   3, 5000.00,    0.00,    5.00,   16.13,    3.67,    3.71,    6.85
 874,144,   3, 5000.00,    0.00,    5.00,   16.28,    3.82,    3.71,    6.96
 875,145,   3, 5000.00,    0.00,    5.00,   16.43,    3.98,    3.72,    7.06
 876,146,   3, 5000.00,    0.00,    5.00,   16.58,    4.14,    3.72,    7.17
 877,147,   3, 5000.00,    0.00,    5.00,   16.73,    4.30,    3.72,    7.28
 878,148,   3, 5000.00,    0.00,    5.00,   16.87,    4.46,    3.73,    7.39
 879,149,   3, 5000.00,    0.00,    5.00,   17.01,    4.62,    3.73,    7.50
 880,150,   3, 5000.00,    0.00,    5.00,   17.15,    4.78,    3.74,    7.60
 881,151,   3, 5000.00,    0.00,    5.00,   17.29,    4.95,    3.75,    7.71
 882,152,   3, 5000.00,    0.00,    5.00,   17.42,    5.11,    3.75,    7.82
 883,153,   3, 5000.00,    0.00,    5.00,   17.55,    5.28,    3.76,    7.93
 884,154,   3, 5000.00,    0.00,    5.00,   17.68,    5.44,    3.78,    8.04
 885,155,   3, 5000.00,    0.00,    5.00,   17.80,    5.61,    3.79,    8.15
 886,156,   3, 5000.00,    0.00,    5.00,   17.92,    5.77,    3.80,    8.26
 887,157,   3, 5000.00,    0.00,    5.00,   18.04,    5.94,    3.82,    8.37
 888,158,   3, 5000.00,    0.00,    5.00,   18.15,    6.11,    3.83,    8.48
 889,159,   3, 5000.00,    0.00,    5.00,   18.26,    6.28,    3.85,    8.59
 890,160,   3, 5000.00,    0.00,    5.00,   18.37,    6.44,    3.87,    8.70
 891,161,   3, 5000.00,    0.00,    5.00,   18.47,    6.61,    3.88,    8.81
 892,162,   3, 5000.00,    0.00,    5.00,   18.58,    6.78,    3.90,    8.92
 893,163,   3, 5000.00,    0.00,    5.00,   18.67,    6.95,    3.93,    9.02
 894,164,   3, 5000.00,    0.00,    5.00,   18.77,    7.12,    3.95,    9.13
 895,165,   3, 5000.00,    0.00,    5.00,   18.86,    7.29,    3.97,    9.24
 896,166,   3, 5000.00,    0.00,    5.00,   18.95,    7.46,    3.99,    9.35
 897,167,   3, 5000.00,    0.00,    5.00,   19.03,    7.63,    4.02,    9.46
 898,168,   3, 5000.00,    0.00,    5.00,   19.11,    7.80,    4.05,    9.56
 899,169,   3, 5000.00,    0.00,    5.00,   19.19,    7.97,    4.07,    9.67
 900,170,   3, 5000.00,    0.00,    5.00,   19.27,    8.13,    4.10,    9.78
 901,171,   3, 5000.00,    0.00,    5.00,   19.34,    8.30,    4.13,    9.88
 902,172,   3, 5000.00,    0.00,    5.00,   19.40,    8.47,    4.16,    9.99
 903,173,   3, 5000.00,    0.00,    5.00,   19.47,    8.64,    4.19,   10.10
 904,174,   3, 5000.00,    0.00,    5.00,   19.53,    8.81,    4.22,   10.20
 905,175,   3, 5000.00,    0.00,    5.00,   19.59,    8.98,    4.26,   10.30
 906,176,   3, 5000.00,    0.00,    5.00,   19.64,    9.14,    4.29,   10.41
 907,177,   3, 5000.00,    0.00,    5.00,   19.69,    9.31,    4.33,   10.51
 908,178,   3, 5000.00,    0.00,    5.00,   19.73,    9.48,    4.36,   10.61
 909,179,   3, 5000.00,    0.00,    5.00,   19.78,    9.64,    4.40,   10.71
 910,180,   3, 5000.00,    0.00,    5.00,   19.82,    9.81,    4.44,   10.81
 911,181,   3, 5000.00,    0.00,    5.00,   19.85,    9.97,    4.48,   10.91
 912,182,   3, 5000.00,    0.00,    5.00,   19.88,   10.13,    4.52,   11.01
 913,183,   3, 5000.00,    0.00,    5.00,   19.91,   10.30,    4.56,   11.11
 914,184,   3, 5000.00,    0.00,    5.00,   19.93,   10.46,    4.60,   11.21
 915,185,   3, 5000.00,    0.00,    5.00,   19.95,   10.62,    4.64,   11.31
 916,186,   3, 5000.00,    0.00,    5.00,   19.97,   10.78,    4.68,   11.40
 917,187,   3, 5000.00,    0.00,    5.00,   19.98,   10.94,    4.73,   11.50
 918,188,   3, 5000.00,    0.00,    5.00,   19.99,   11.10,    4.77,   11.59
 919,189,   3, 5000.00,    0.00,    5.00,   20.00,   11.25,    4.82,   11.68
 920,190,   3, 5000.00,    0.00,    5.00,   20.00,   11.41,    4.86,   11.78
 921,191,   3, 5000.00,    0.00,    5.00,   20.00,   11.56,    4.91,   11.87
 922,192,   3, 5000.00,    0.00,    5.00,   19.99,   11.72,    4.96,   11.96
 923,193,   3, 5000.00,    0.00,    5.00,   19.98,   11.87,    5.01,   12.05
 924,194,   3, 5000.00,    0.00,    5.00,   19.97,   12.02,    5.06,   12.13
 925,195,   3, 5000.00,    0.00,    5.00,   19.95,   12.17,    5.11,   12.22
 926,196,   3, 5000.00,    0.00,    5.00,   19.93,   12.32,    5.16,   12.30
 927,197,   3, 5000.00,    0.00,    5.00,   19.91,   12.47,    5.21,   12.39
 928,198,   3, 5000.00,    0.00,    5.00,   19.88,   12.61,    5.26,   12.47
 929,199,   3, 5000.00,    0.00,    5.00,   19.85,   12.76,    5.31,   12.55
 930,200,   3, 5000.00,    0.00,    5.00,   19.82,   12.90,    5.37,   12.63
 931,201,   3, 5000.00,    0.00,    5.00,   19.78,   13.04,    5.42,   12.71
 932,202,   3, 5000.00,    0.00,    5.00,   19.73,   13.18,    5.48,   12.79
 933,203,   3, 5000.00,    0.00,    5.00,   19.69,   13.31,    5.53,   12.87
 934,204,   3, 5000.00,    0.00,    5.00,   19.64,   13.45,    5.59,   12.94
 935,205,   3, 5000.00,    0.00,    5.00,   19.59,   13.58,    5.64,   13.02
 936,206,   3, 5000.00,    0.00,    5.00,   19.53,   13.72,    5.70,   13.09
 937,207,   3, 5000.00,    0.00,    5.00,   19.47,   13.85,    5.76,   13.16
 938,208,   3, 5000.00,    0.00,    5.00,   19.40,   13.98,    5.82,   13.23
 939,209,   3, 5000.00,    0.00,    5.00,   19.34,   14.10,    5.88,   13.30
 940,210,   3, 5000.00,    0.00,    5.00,   19.27,   14.23,    5.94,   13.36
 941,211,   3, 5000.00,    0.00,    5.00,   19.19,   14.35,    5.99,   13.43
 942,212,   3, 5000.00,    0.00,    5.00,   19.11,   14.47,    6.05,   13.49
 943,213,   3, 5000.00,    0.00,    5.00,   19.03,   14.59,    6.12,   13.55
 944,214,   3, 5000.00,    0.00,    5.00,   18.95,   14.70,    6.18,   13.61
 945,215,   3, 5000.00,    0.00,    5.00,   18.86,   14.82,    6.24,   13.67
 946,216,   3, 5000.00,    0.00,    5.00,   18.77,   14.93,    6.30,   13.73
 947,217,   3, 5000.00,    0.00,    5.00,   18.67,   15.04,    6.36,   13.78
 948,218,   3, 5000.00,    0.00,    5.00,   18.58,   15.15,    6.42,   13.84
 949,219,   3, 5000.00,    0.00,    5.00,   18.47,   15.25,    6.49,   13.89
 950,220,   3, 5000.00,    0.00,    5.00,   18.37,   15.36,    6.55,   13.94
 951,221,   3, 5000.00,    0.00,    5.00,   18.26,   15.46,    6.61,   13.99
 952,222,   3, 5000.00,    0.00,    5.00,   18.15,   15.55,    6.68,   14.04
 953,223,   3, 5000.00,    0.00,    5.00,   18.04,   15.65,    6.74,   14.08
 954,224,   3, 5000.00,    0.00,    5.00,   17.92,   15.74,    6.80,   14.13
 955,225,   3, 5000.00,    0.00,    5.00,   17.80,   15.84,    6.87,   14.17
 956,226,   3, 5000.00,    0.00,    5.00,   17.68,   15.92,    6.93,   14.21
 957,227,   3, 5000.00,    0.00,    5.00,   17.55,   16.01,    7.00,   14.25
 958,228,   3, 5000.00,    0.00,    5.00,   17.42,   16.09,    7.06,   14.28
 959,229,   3, 5000.00,    0.00,    5.00,   17.29,   16.17,    7.13,   14.32
 960,230,   3, 5000.00,    0.00,    5.00,   17.15,   16.25,    7.19,   14.35
 961,231,   3, 5000.00,    0.00,    5.00,   17.01,   16.33,    7.26,   14.38
 962,232,   3, 5000.00,    0.00,    5.00,   16.87,   16.40,    7.32,   14.41
 963,233,   3, 5000.00,    0.00,    5.00,   16.73,   16.47,    7.39,   14.44
 964,234,   3, 5000.00,    0.00,    5.00,   16.58,   16.54,    7.45,   14.47
 965,235,   3, 5000.00,    0.00,    5.00,   16.43,   16.61,    7.52,   14.49
 966,236,   3, 5000.00,    0.00,    5.00,   16.28,   16.67,    7.58,   14.51
 967,237,   3, 5000.00,    0.00,    5.00,   16.13,   16.73,    7.65,   14.53
 968,238,   3, 5000.00,    0.00,    5.00,   15.97,   16.79,    7.71,   14.55
 969,239,   3, 5000.00,    0.00,    5.00,   15.81,   16.84,    7.78,   14.57
 970,240,   3, 5000.00,    0.00,    5.00,   15.65,   16.89,    7.84,   14.58
 971,241,   3, 5000.00,    0.00,    5.00,   15.48,   16.94,    7.91,   14.59
 972,242,   3, 5000.00,    0.00,    5.00,   15.32,   16.99,    7.97,   14.61
 973,243,   3, 5000.00,    0.00,    5.00,   15.15,   17.03,    8.04,   14.61
 974,244,   3, 5000.00,    0.00,    5.00,   14.98,   17.07,    8.10,   14.62
 975,245,   3, 5000.00,    0.00,    5.00,   14.80,   17.11,    8.16,   14.63
 976,246,   3, 5000.00,    0.00,    5.00,   14.63,   17.14,    8.23,   14.63
 977,247,   3, 5000.00,    0.00,    5.00,   14.45,   17.17,    8.29,   14.63
 978,248,   3, 5000.00,    0.00,    5.00,   14.27,   17.20,    8.36,   14.63
 979,249,   3, 5000.00,    0.00,    5.00,   14.09,   17.23,    8.42,   14.63
 980,250,   3, 5000.00,    0.00,    5.00,   13.90,   17.25,    8.48,   14.63
 981,251,   3, 5000.00,    0.00,    5.00,   13.72,   17.27,    8.55,   14.62
 982,252,   3, 5000.00,    0.00,    5.00,   13.53,   17.29,    8.61,   14.61
 983,253,   3, 5000.00,    0.00,    5.00,   13.34,   17.31,    8.67,   14.60
 984,254,   3, 5000.00,    0.00,    5.00,   13.15,   17.32,    8.73,   14.59
 985,255,   3, 5000.00,    0.00,    5.00,   12.96,   17.33,    8.79,   14.58
 986,256,   3, 5000.00,    0.00,    5.00,   12.76,   17.33,    8.85,   14.56
 987,257,   3, 5000.00,    0.00,    5.00,   12.57,   17.33,    8.91,   14.55
 988,258,   3, 5000.00,    0.00,    5.00,   12.37,   17.33,    8.98,   14.53
 989,259,   3, 5000.00,    0.00,    5.00,   12.17,   17.33,    9.03,   14.51
 990,260,   3, 5000.00,    0.00,    5.00,   11.97,   17.33,    9.09,   14.48
 991,261,   3, 5000.00,    0.00,    5.00,   11.77,   17.32,    9.15,   14.46
 992,262,   3, 5000.00,    0.00,    5.00,   11.57,   17.31,    9.21,   14.43
 993,263,   3, 5000.00,    0.00,    5.00,   11.36,   17.29,    9.27,   14.40
 994,264,   3, 5000.00,    0.00,    5.00,   11.16,   17.27,    9.33,   14.37
 995,265,   3, 5000.00,    0.00,    5.00,   10.95,   17.25,    9.38,   14.34
 996,266,   3, 5000.00,    0.00,    5.00,   10.74,   17.23,    9.44,   14.31
 997,267,   3, 5000.00,    0.00,    5.00,   10.54,   17.20,    9.50,   14.27
 998,268,   3, 5000.00,    0.00,    5.00,   10.33,   17.17,    9.55,   14.24
 999,269,   3, 5000.00,    0.00,    5.00,   10.12,   17.14,    9.61,   14.20
1000,270,   3, 5000.00,    0.00,    5.00,    9.91,   17.11,    9.66,   14.16
1001,271,   3, 5000.00,    0.00,    5.00,    9.69,   17.07,    9.71,   14.11
1002,272,   3, 5000.00,    0.00,    5.00,    9.48,   17.03,    9.76,   14.07
1003,273,   3, 5000.00,    0.00,    5.00,    9.27,   16.99,    9.82,   14.02
1004,274,   3, 5000.00,    0.00,    5.00,    9.06,   16.94,    9.87,   13.98
1005,275,   3, 5000.00,    0.00,    5.00,    8.84,   16.89,    9.92,   13.93
1006,276,   3, 5000.00,    0.00,    5.00,    8.63,   16.84,    9.97,   13.87
1007,277,   3, 5000.00,    0.00,    5.00,    8.41,   16.79,   10.02,   13.82
1008,278,   3, 5000.00,    0.00,    5.00,    8.20,   16.73,   10.07,   13.77
1009,279,   3, 5000.00,    0.00,    5.00,    7.98,   16.67,   10.11,   13.71
1010,280,   3, 5000.00,    0.00,    5.00,    7.77,   16.61,   10.16,   13.65
1011,281,   3, 5000.00,    0.00,    5.00,    7.55,   16.54,   10.21,   13.60
1012,282,   3, 5000.00,    0.00,    5.00,    7.34,   16.47,   10.25,   13.53
1013,283,   3, 5000.00,    0.00,    5.00,    7.12,   16.40,   10.30,   13.47
1014,284,   3, 5000.00,    0.00,    5.00,    6.91,   16.33,   10.34,   13.41
1015,285,   3, 5000.00,    0.00,    5.00,    6.69,   16.25,   10.38,   13.34
1016,286,   3, 5000.00,    0.00,    5.00,    6.48,   16.17,   10.42,   13.28
1017,287,   3, 5000.00,    0.00,    5.00,    6.26,   16.09,   10.46,   13.21
1018,288,   3, 5000.00,    0.00,    5.00,    6.05,   16.01,   10.50,   13.14
1019,289,   3, 5000.00,    0.00,    5.00,    5.84,   15.92,   10.54,   13.07
1020,290,   3, 5000.00,    0.00,    5.00,    5.62,   15.84,   10.58,   12.99
1021,291,   3, 5000.00,    0.00,    5.00,    5.41,   15.74,   10.62,   12.92
1022,292,   3, 5000.00,    0.00,    5.00,    5.20,   15.65,   10.66,   12.84
1023,293,   3, 5000.00,    0.00,    5.00,    4.99,   15.55,   10.69,   12.77
1024,294,   3, 5000.00,    0.00,    5.00,    4.78,   15.46,   10.73,   12.69
1025,295,   3, 5000.00,    0.00,    5.00,    4.57,   15.36,   10.76,   12.61
1026,296,   3, 5000.00,    0.00,    5.00,    4.36,   15.25,   10.79,   12.53
1027,297,   3, 5000.00,    0.00,    5.00,    4.15,   15.15,   10.82,   12.45
1028,298,   3, 5000.00,    0.00,    5.00,    3.95,   15.04,   10.85,   12.36
1029,299,   3, 5000.00,    0.00,    5.00,    3.74,   14.93,   10.88,   12.28
1030,300,   3, 5000.00,    0.00,    5.00,    3.54,   14.82,   10.91,   12.19
1031,301,   3, 5000.00,    0.00,    5.00,    3.33,   14.70,   10.94,   12.11
1032,302,   3, 5000.00,    0.00,    5.00,    3.13,   14.59,   10.97,   12.02
1033,303,   3, 5000.00,    0.00,    5.00,    2.93,   14.47,   10.99,   11.93
1034,304,   3, 5000.00,    0.00,    5.00,    2.73,   14.35,   11.02,   11.84
1035,305,   3, 5000.00,    0.00,    5.00,    2.53,   14.23,   11.04,   11.75
1036,306,   3, 5000.00,    0.00,    5.00,    2.33,   14.10,   11.06,   11.66
1037,307,   3, 5000.00,    0.00,    5.00,    2.14,   13.98,   11.09,   11.56
1038,308,   3, 5000.00,    0.00,    5.00,    1.95,   13.85,   11.11,   11.47
1039,309,   3, 5000.00,    0.00,    5.00,    1.75,   13.72,   11.12,   11.37
1040,310,   3, 5000.00,    0.00,    5.00,    1.56,   13.58,   11.14,   11.28
1041,311,   3, 5000.00,    0.00,    5.00,    1.37,   13.45,   11.16,   11.18
1042,312,   3, 5000.00,    0.00,    5.00,    1.19,   13.31,   11.18,   11.08
1043,313,   3, 5000.00,    0.00,    5.00,    1.00,   13.18,   11.19,   10.99
1044,314,   3, 5000.00,    0.00,    5.00,    0.82,   13.04,   11.21,   10.89
1045,315,   3, 5000.00,    0.00,    5.00,    0.64,   12.90,   11.22,   10.79
1046,316,   3, 5000.00,    0.00,    5.00,    0.46,   12.76,   11.23,   10.68
1047,317,   3, 5000.00,    0.00,    5.00,    0.28,   12.61,   11.24,   10.58
1048,318,   3, 5000.00,    0.00,    5.00,    0.11,   12.47,   11.25,   10.48
1049,319,   3, 5000.00,    0.00,    5.00,   -0.06,   12.32,   11.26,   10.38
1050,320,   3, 5000.00,    0.00,    5.00,   -0.23,   12.17,   11.27,   10.27
1051,321,   3, 5000.00,    0.00,    5.00,   -0.40,   12.02,   11.27,   10.17
1052,322,   3, 5000.00,    0.00,    5.00,   -0.57,   11.87,   11.28,   10.07
1053,323,   3, 5000.00,    0.00,    5.00,   -0.73,   11.72,   11.28,    9.96
1054,324,   3, 5000.00,    0.00,    5.00,   -0.89,   11.56,   11.28,    9.85
1055,325,   3, 5000.00,    0.00,    5.00,   -1.05,   11.41,   11.29,    9.75
1056,326,   3, 5000.00,    0.00,    5.00,   -1.20,   11.25,   11.29,    9.64
1057,327,   3, 5000.00,    0.00,    5.00,   -1.36,   11.10,   11.29,    9.53
1058,328,   3, 5000.00,    0.00,    5.00,   -1.51,   10.94,   11.28,    9.43
1059,329,   3, 5000.00,    0.00,    5.00,   -1.66,   10.78,   11.28,    9.32
1060,330,   3, 5000.00,    0.00,    5.00,   -1.80,   10.62,   11.28,    9.21
1061,331,   3, 5000.00,    0.00,    5.00,   -1.94,   10.46,   11.27,    9.10
1062,332,   3, 5000.00,    0.00,    5.00,   -2.08,   10.30,   11.27,    8.99
1063,333,   3, 5000.00,    0.00,    5.00,   -2.22,   10.13,   11.26,    8.88
1064,334,   3, 5000.00,    0.00,    5.00,   -2.35,    9.97,   11.25,    8.78
1065,335,   3, 5000.00,    0.00,    5.00,   -2.48,    9.81,   11.24,    8.67
1066,336,   3, 5000.00,    0.00,    5.00,   -2.61,    9.64,   11.23,    8.56
1067,337,   3, 5000.00,    0.00,    5.00,   -2.74,    9.48,   11.22,    8.45
1068,338,   3, 5000.00,    0.00,    5.00,   -2.86,    9.31,   11.21,    8.34
1069,339,   3, 5000.00,    0.00,    5.00,   -2.98,    9.14,   11.19,    8.23
1070,340,   3, 5000.00,    0.00,    5.00,   -3.09,    8.98,   11.18,    8.12
1071,341,   3, 5000.00,    0.00,    5.00,   -3.21,    8.81,   11.16,    8.01
1072,342,   3, 5000.00,    0.00,    5.00,   -3.32,    8.64,   11.14,    7.90
1073,343,   3, 5000.00,    0.00,    5.00,   -3.42,    8.47,   11.12,    7.79
1074,344,   3, 5000.00,    0.00,    5.00,   -3.53,    8.30,   11.11,    7.68
1075,345,   3, 5000.00,    0.00,    5.00,   -3.63,    8.13,   11.09,    7.57
1076,346,   3, 5000.00,    0.00,    5.00,   -3.72,    7.97,   11.06,    7.46
1077,347,   3, 5000.00,    0.00,    5.00,   -3.81,    7.80,   11.04,    7.36
1078,348,   3, 5000.00,    0.00,    5.00,   -3.90,    7.63,   11.02,    7.25
1079,349,   3, 5000.00,    0.00,    5.00,   -3.99,    7.46,   10.99,    7.14
1080,350,   3, 5000.00,    0.00,    5.00,   -4.07,    7.29,   10.97,    7.03
1081,351,   3, 5000.00,    0.00,    5.00,   -4.15,    7.12,   10.94,    6.92
1082,352,   3, 5000.00,    0.00,    5.00,   -4.23,    6.95,   10.91,    6.82
1083,353,   3, 5000.00,    0.00,    5.00,   -4.30,    6.78,   10.88,    6.71
1084,354,   3, 5000.00,    0.00,    5.00,   -4.37,    6.61,   10.85,    6.61
1085,355,   3, 5000.00,    0.00,    5.00,   -4.44,    6.44,   10.82,    6.50
1086,356,   3, 5000.00,    0.00,    5.00,   -4.50,    6.28,   10.79,    6.39
1087,357,   3, 5000.00,    0.00,    5.00,   -4.56,    6.11,   10.76,    6.29
1088,358,   3, 5000.00,    0.00,    5.00,   -4.61,    5.94,   10.73,    6.19
1089,359,   3, 5000.00,    0.00,    5.00,   -4.66,    5.77,   10.69,    6.08
1090,360,   3, 5000.00,    0.00,    5.00,   -4.71,    5.61,   10.66,    5.98
1091,361,   3, 5000.00,    0.00,    5.00,   -4.76,    5.44,   10.62,    5.88
1092,362,   3, 5000.00,    0.00,    5.00,   -4.80,    5.28,   10.58,    5.78
1093,363,   3, 5000.00,    0.00,    5.00,   -4.83,    5.11,   10.54,    5.68
1094,364,   3, 5000.00,    0.00,    5.00,   -4.87,    4.95,   10.50,    5.58
1095,365,   3, 5000.00,    0.00,    5.00,   -4.90,    4.78,   10.46,    5.48
